2.0 0.5 0.5 2 1 0
1.9990075 0.5 0.5 2 1 0
1.9980151 0.5 0.5 2 1 0
1.9970226 0.5 0.5 2 1 0
1.9960302 0.5 0.5 2 1 0
1.9950377 0.5 0.5 2 1 0
1.9940452 0.5 0.5 2 1 0
1.9930528 0.5 0.5 2 1 0
1.9920603 0.5 0.5 2 1 0
1.9910678 0.5 0.5 2 1 0
1.9900754 0.5 0.5 2 1 0
1.9890829 0.5 0.5 2 1 0
1.9880905 0.5 0.5 2 1 0
1.987098 0.5 0.5 2 1 0
1.9861055 0.5 0.5 2 1 0
1.9851131 0.5 0.5 2 1 0
1.9841206 0.5 0.5 2 1 0
1.9831281 0.5 0.5 2 1 0
1.9821357 0.5 0.5 2 1 0
1.9811432 0.5 0.5 2 1 0
1.9801508 0.5 0.5 2 1 0
1.9791583 0.5 0.5 2 1 0
1.9781658 0.5 0.5 2 1 0
1.9771734 0.5 0.5 2 1 0
1.9761809 0.5 0.5 2 1 0
1.9751884 0.5 0.5 2 1 0
1.974196 0.5 0.5 2 1 0
1.9732035 0.5 0.5 2 1 0
1.9722111 0.5 0.5 2 1 0
1.9712186 0.5 0.5 2 1 0
1.9702261 0.5 0.5 2 1 0
1.9692337 0.5 0.5 2 1 0
1.9682412 0.5 0.5 2 1 0
1.9672487 0.5 0.5 2 1 0
1.9662563 0.5 0.5 2 1 0
1.9652638 0.5 0.5 2 1 0
1.9642714 0.5 0.5 2 1 0
1.9632789 0.5 0.5 2 1 0
1.9622864 0.5 0.5 2 1 0
1.961294 0.5 0.5 2 1 0
1.9603015 0.5 0.5 2 1 0
1.959309 0.5 0.5 2 1 0
1.9583166 0.5 0.5 2 1 0
1.9573241 0.5 0.5 2 1 0
1.9563317 0.5 0.5 2 1 0
1.9553392 0.5 0.5 2 1 0
1.9543467 0.5 0.5 2 1 0
1.9533543 0.5 0.5 2 1 0
1.9523618 0.5 0.5 2 1 0
1.9513693 0.5 0.5 2 1 0
1.9503769 0.5 0.5 2 1 0
1.9493844 0.5 0.5 2 1 0
1.948392 0.5 0.5 2 1 0
1.9473995 0.5 0.5 2 1 0
1.946407 0.5 0.5 2 1 0
1.9454146 0.5 0.5 2 1 0
1.9444221 0.5 0.5 2 1 0
1.9434296 0.5 0.5 2 1 0
1.9424372 0.5 0.5 2 1 0
1.9414447 0.5 0.5 2 1 0
1.9404523 0.5 0.5 2 1 0
1.9394598 0.5 0.5 2 1 0
1.9384673 0.5 0.5 2 1 0
1.9374749 0.5 0.5 2 1 0
1.9364824 0.5 0.5 2 1 0
1.9354899 0.5 0.5 2 1 0
1.9344975 0.5 0.5 2 1 0
1.933505 0.5 0.5 2 1 0
1.9325126 0.5 0.5 2 1 0
1.9315201 0.5 0.5 2 1 0
1.9305276 0.5 0.5 2 1 0
1.9295352 0.5 0.5 2 1 0
1.9285427 0.5 0.5 2 1 0
1.9275503 0.5 0.5 2 1 0
1.9265578 0.5 0.5 2 1 0
1.9255653 0.5 0.5 2 1 0
1.9245729 0.5 0.5 2 1 0
1.9235804 0.5 0.5 2 1 0
1.9225879 0.5 0.5 2 1 0
1.9215955 0.5 0.5 2 1 0
1.920603 0.5 0.5 2 1 0
1.9196106 0.5 0.5 2 1 0
1.9186181 0.5 0.5 2 1 0
1.9176256 0.5 0.5 2 1 0
1.9166332 0.5 0.5 2 1 0
1.9156407 0.5 0.5 2 1 0
1.9146482 0.5 0.5 2 1 0
1.9136558 0.5 0.5 2 1 0
1.9126633 0.5 0.5 2 1 0
1.9116709 0.5 0.5 2 1 0
1.9106784 0.5 0.5 2 1 0
1.9096859 0.5 0.5 2 1 0
1.9086935 0.5 0.5 2 1 0
1.907701 0.5 0.5 2 1 0
1.9067085 0.5 0.5 2 1 0
1.9057161 0.5 0.5 2 1 0
1.9047236 0.5 0.5 2 1 0
1.9037312 0.5 0.5 2 1 0
1.9027387 0.5 0.5 2 1 0
1.9017462 0.5 0.5 2 1 0
1.9007538 0.5 0.5 2 1 0
1.8997613 0.5 0.5 2 1 0
1.8987688 0.5 0.5 2 1 0
1.8977764 0.5 0.5 2 1 0
1.8967839 0.5 0.5 2 1 0
1.8957915 0.5 0.5 2 1 0
1.894799 0.5 0.5 2 1 0
1.8938065 0.5 0.5 2 1 0
1.8928141 0.5 0.5 2 1 0
1.8918216 0.5 0.5 2 1 0
1.8908291 0.5 0.5 2 1 0
1.8898367 0.5 0.5 2 1 0
1.8888442 0.5 0.5 2 1 0
1.8878518 0.5 0.5 2 1 0
1.8868593 0.5 0.5 2 1 0
1.8858668 0.5 0.5 2 1 0
1.8848744 0.5 0.5 2 1 0
1.8838819 0.5 0.5 2 1 0
1.8828894 0.5 0.5 2 1 0
1.881897 0.5 0.5 2 1 0
1.8809045 0.5 0.5 2 1 0
1.8799121 0.5 0.5 2 1 0
1.8789196 0.5 0.5 2 1 0
1.8779271 0.5 0.5 2 1 0
1.8769347 0.5 0.5 2 1 0
1.8759422 0.5 0.5 2 1 0
1.8749497 0.5 0.5 2 1 0
1.8739573 0.5 0.5 2 1 0
1.8729648 0.5 0.5 2 1 0
1.8719724 0.5 0.5 2 1 0
1.8709799 0.5 0.5 2 1 0
1.8699874 0.5 0.5 2 1 0
1.868995 0.5 0.5 2 1 0
1.8680025 0.5 0.5 2 1 0
1.8670101 0.5 0.5 2 1 0
1.8660176 0.5 0.5 2 1 0
1.8650251 0.5 0.5 2 1 0
1.8640327 0.5 0.5 2 1 0
1.8630402 0.5 0.5 2 1 0
1.8620477 0.5 0.5 2 1 0
1.8610553 0.5 0.5 2 1 0
1.8600628 0.5 0.5 2 1 0
1.8590704 0.5 0.5 2 1 0
1.8580779 0.5 0.5 2 1 0
1.8570854 0.5 0.5 2 1 0
1.856093 0.5 0.5 2 1 0
1.8551005 0.5 0.5 2 1 0
1.854108 0.5 0.5 2 1 0
1.8531156 0.5 0.5 2 1 0
1.8521231 0.5 0.5 2 1 0
1.8511307 0.5 0.5 2 1 0
1.8501382 0.5 0.5 2 1 0
1.8491457 0.5 0.5 2 1 0
1.8481533 0.5 0.5 2 1 0
1.8471608 0.5 0.5 2 1 0
1.8461683 0.5 0.5 2 1 0
1.8451759 0.5 0.5 2 1 0
1.8441834 0.5 0.5 2 1 0
1.843191 0.5 0.5 2 1 0
1.8421985 0.5 0.5 2 1 0
1.841206 0.5 0.5 2 1 0
1.8402136 0.5 0.5 2 1 0
1.8392211 0.5 0.5 2 1 0
1.8382286 0.5 0.5 2 1 0
1.8372362 0.5 0.5 2 1 0
1.8362437 0.5 0.5 2 1 0
1.8352513 0.5 0.5 2 1 0
1.8342588 0.5 0.5 2 1 0
1.8332663 0.5 0.5 2 1 0
1.8322739 0.5 0.5 2 1 0
1.8312814 0.5 0.5 2 1 0
1.8302889 0.5 0.5 2 1 0
1.8292965 0.5 0.5 2 1 0
1.828304 0.5 0.5 2 1 0
1.8273116 0.5 0.5 2 1 0
1.8263191 0.5 0.5 2 1 0
1.8253266 0.5 0.5 2 1 0
1.8243342 0.5 0.5 2 1 0
1.8233417 0.5 0.5 2 1 0
1.8223492 0.5 0.5 2 1 0
1.8213568 0.5 0.5 2 1 0
1.8203643 0.5 0.5 2 1 0
1.8193719 0.5 0.5 2 1 0
1.8183794 0.5 0.5 2 1 0
1.8173869 0.5 0.5 2 1 0
1.8163945 0.5 0.5 2 1 0
1.815402 0.5 0.5 2 1 0
1.8144095 0.5 0.5 2 1 0
1.8134171 0.5 0.5 2 1 0
1.8124246 0.5 0.5 2 1 0
1.8114322 0.5 0.5 2 1 0
1.8104397 0.5 0.5 2 1 0
1.8094472 0.5 0.5 2 1 0
1.8084548 0.5 0.5 2 1 0
1.8074623 0.5 0.5 2 1 0
1.8064698 0.5 0.5 2 1 0
1.8054774 0.5 0.5 2 1 0
1.8044849 0.5 0.5 2 1 0
1.8034925 0.5 0.5 2 1 0
1.8025 0.5 0.5 2 1 0
1.8025 0.5 0.5 1 2 0
1.8 0.5 0.5 1 2 0
1.7975 0.5 0.5 1 2 0
1.795 0.5 0.5 1 2 0
1.7925 0.5 0.5 1 2 0
1.79 0.5 0.5 1 2 0
1.7875 0.5 0.5 1 2 0
1.785 0.5 0.5 1 2 0
1.7825 0.5 0.5 1 2 0
1.78 0.5 0.5 1 2 0
1.7775 0.5 0.5 1 2 0
1.775 0.5 0.5 1 2 0
1.7725 0.5 0.5 1 2 0
1.77 0.5 0.5 1 2 0
1.7675 0.5 0.5 1 2 0
1.765 0.5 0.5 1 2 0
1.7625 0.5 0.5 1 2 0
1.76 0.5 0.5 1 2 0
1.7575 0.5 0.5 1 2 0
1.755 0.5 0.5 1 2 0
1.7525 0.5 0.5 1 2 0
1.75 0.5 0.5 1 2 0
1.7475 0.5 0.5 1 2 0
1.745 0.5 0.5 1 2 0
1.7425 0.5 0.5 1 2 0
1.74 0.5 0.5 1 2 0
1.7375 0.5 0.5 1 2 0
1.735 0.5 0.5 1 2 0
1.7325 0.5 0.5 1 2 0
1.73 0.5 0.5 1 2 0
1.7275 0.5 0.5 1 2 0
1.725 0.5 0.5 1 2 0
1.7225 0.5 0.5 1 2 0
1.72 0.5 0.5 1 2 0
1.7175 0.5 0.5 1 2 0
1.715 0.5 0.5 1 2 0
1.7125 0.5 0.5 1 2 0
1.71 0.5 0.5 1 2 0
1.7075 0.5 0.5 1 2 0
1.705 0.5 0.5 1 2 0
1.7025 0.5 0.5 1 2 0
1.7 0.5 0.5 1 2 0
1.6975 0.5 0.5 1 2 0
1.695 0.5 0.5 1 2 0
1.6925 0.5 0.5 1 2 0
1.69 0.5 0.5 1 2 0
1.6875 0.5 0.5 1 2 0
1.685 0.5 0.5 1 2 0
1.6825 0.5 0.5 1 2 0
1.68 0.5 0.5 1 2 0
1.6775 0.5 0.5 1 2 0
1.675 0.5 0.5 1 2 0
1.6725 0.5 0.5 1 2 0
1.67 0.5 0.5 1 2 0
1.6675 0.5 0.5 1 2 0
1.665 0.5 0.5 1 2 0
1.6625 0.5 0.5 1 2 0
1.66 0.5 0.5 1 2 0
1.6575 0.5 0.5 1 2 0
1.655 0.5 0.5 1 2 0
1.6525 0.5 0.5 1 2 0
1.65 0.5 0.5 1 2 0
1.6475 0.5 0.5 1 2 0
1.645 0.5 0.5 1 2 0
1.6425 0.5 0.5 1 2 0
1.64 0.5 0.5 1 2 0
1.6375 0.5 0.5 1 2 0
1.635 0.5 0.5 1 2 0
1.6325 0.5 0.5 1 2 0
1.63 0.5 0.5 1 2 0
1.6275 0.5 0.5 1 2 0
1.625 0.5 0.5 1 2 0
1.6225 0.5 0.5 1 2 0
1.62 0.5 0.5 1 2 0
1.6175 0.5 0.5 1 2 0
1.615 0.5 0.5 1 2 0
1.6125 0.5 0.5 1 2 0
1.61 0.5 0.5 1 2 0
1.6075 0.5 0.5 1 2 0
1.605 0.5 0.5 1 2 0
1.6025 0.5 0.5 1 2 0
1.6 0.5 0.5 1 2 0
1.5975 0.5 0.5 1 2 0
1.595 0.5 0.5 1 2 0
1.5925 0.5 0.5 1 2 0
1.59 0.5 0.5 1 2 0
1.5875 0.5 0.5 1 2 0
1.585 0.5 0.5 1 2 0
1.5825 0.5 0.5 1 2 0
1.58 0.5 0.5 1 2 0
1.5775 0.5 0.5 1 2 0
1.575 0.5 0.5 1 2 0
1.5725 0.5 0.5 1 2 0
1.57 0.5 0.5 1 2 0
1.5675 0.5 0.5 1 2 0
1.565 0.5 0.5 1 2 0
1.5625 0.5 0.5 1 2 0
1.56 0.5 0.5 1 2 0
1.5575 0.5 0.5 1 2 0
1.555 0.5 0.5 1 2 0
1.5525 0.5 0.5 1 2 0
1.55 0.5 0.5 1 2 0
1.5475 0.5 0.5 1 2 0
1.545 0.5 0.5 1 2 0
1.5425 0.5 0.5 1 2 0
1.54 0.5 0.5 1 2 0
1.5375 0.5 0.5 1 2 0
1.535 0.5 0.5 1 2 0
1.5325 0.5 0.5 1 2 0
1.53 0.5 0.5 1 2 0
1.5275 0.5 0.5 1 2 0
1.525 0.5 0.5 1 2 0
1.5225 0.5 0.5 1 2 0
1.52 0.5 0.5 1 2 0
1.5175 0.5 0.5 1 2 0
1.515 0.5 0.5 1 2 0
1.5125 0.5 0.5 1 2 0
1.51 0.5 0.5 1 2 0
1.5075 0.5 0.5 1 2 0
1.505 0.5 0.5 1 2 0
1.5025 0.5 0.5 1 2 0
1.5 0.5 0.5 1 2 0
1.4975 0.5 0.5 1 2 0
1.495 0.5 0.5 1 2 0
1.4925 0.5 0.5 1 2 0
1.49 0.5 0.5 1 2 0
1.4875 0.5 0.5 1 2 0
1.485 0.5 0.5 1 2 0
1.4825 0.5 0.5 1 2 0
1.48 0.5 0.5 1 2 0
1.4775 0.5 0.5 1 2 0
1.475 0.5 0.5 1 2 0
1.4725 0.5 0.5 1 2 0
1.47 0.5 0.5 1 2 0
1.4675 0.5 0.5 1 2 0
1.465 0.5 0.5 1 2 0
1.4625 0.5 0.5 1 2 0
1.46 0.5 0.5 1 2 0
1.4575 0.5 0.5 1 2 0
1.455 0.5 0.5 1 2 0
1.4525 0.5 0.5 1 2 0
1.45 0.5 0.5 1 2 0
1.4475 0.5 0.5 1 2 0
1.445 0.5 0.5 1 2 0
1.4425 0.5 0.5 1 2 0
1.44 0.5 0.5 1 2 0
1.4375 0.5 0.5 1 2 0
1.435 0.5 0.5 1 2 0
1.4325 0.5 0.5 1 2 0
1.43 0.5 0.5 1 2 0
1.4275 0.5 0.5 1 2 0
1.425 0.5 0.5 1 2 0
1.4225 0.5 0.5 1 2 0
1.42 0.5 0.5 1 2 0
1.4175 0.5 0.5 1 2 0
1.415 0.5 0.5 1 2 0
1.4125 0.5 0.5 1 2 0
1.41 0.5 0.5 1 2 0
1.4075 0.5 0.5 1 2 0
1.405 0.5 0.5 1 2 0
1.4025 0.5 0.5 1 2 0
1.4 0.5 0.5 1 2 0
1.3975 0.5 0.5 1 2 0
1.395 0.5 0.5 1 2 0
1.3925 0.5 0.5 1 2 0
1.39 0.5 0.5 1 2 0
1.3875 0.5 0.5 1 2 0
1.385 0.5 0.5 1 2 0
1.3825 0.5 0.5 1 2 0
1.38 0.5 0.5 1 2 0
1.3775 0.5 0.5 1 2 0
1.375 0.5 0.5 1 2 0
1.3725 0.5 0.5 1 2 0
1.37 0.5 0.5 1 2 0
1.3675 0.5 0.5 1 2 0
1.365 0.5 0.5 1 2 0
1.3625 0.5 0.5 1 2 0
1.36 0.5 0.5 1 2 0
1.3575 0.5 0.5 1 2 0
1.355 0.5 0.5 1 2 0
1.3525 0.5 0.5 1 2 0
1.35 0.5 0.5 1 2 0
1.3475 0.5 0.5 1 2 0
1.345 0.5 0.5 1 2 0
1.3425 0.5 0.5 1 2 0
1.34 0.5 0.5 1 2 0
1.3375 0.5 0.5 1 2 0
1.335 0.5 0.5 1 2 0
1.3325 0.5 0.5 1 2 0
1.33 0.5 0.5 1 2 0
1.3275 0.5 0.5 1 2 0
1.325 0.5 0.5 1 2 0
1.3225 0.5 0.5 1 2 0
1.32 0.5 0.5 1 2 0
1.3175 0.5 0.5 1 2 0
1.315 0.5 0.5 1 2 0
1.3125 0.5 0.5 1 2 0
1.31 0.5 0.5 1 2 0
1.3075 0.5 0.5 1 2 0
1.305 0.5 0.5 1 2 0
1.3025 0.5 0.5 1 2 0
1.3 0.5 0.5 1 2 0
1.2975 0.5 0.5 1 2 0
1.295 0.5 0.5 1 2 0
1.2925 0.5 0.5 1 2 0
1.29 0.5 0.5 1 2 0
1.2875 0.5 0.5 1 2 0
1.285 0.5 0.5 1 2 0
1.2825 0.5 0.5 1 2 0
1.28 0.5 0.5 1 2 0
1.2775 0.5 0.5 1 2 0
1.275 0.5 0.5 1 2 0
1.2725 0.5 0.5 1 2 0
1.27 0.5 0.5 1 2 0
1.2675 0.5 0.5 1 2 0
1.265 0.5 0.5 1 2 0
1.2625 0.5 0.5 1 2 0
1.26 0.5 0.5 1 2 0
1.2575 0.5 0.5 1 2 0
1.255 0.5 0.5 1 2 0
1.2525 0.5 0.5 1 2 0
1.25 0.5 0.5 1 2 0
1.2475 0.5 0.5 1 2 0
1.245 0.5 0.5 1 2 0
1.2425 0.5 0.5 1 2 0
1.24 0.5 0.5 1 2 0
1.2375 0.5 0.5 1 2 0
1.235 0.5 0.5 1 2 0
1.2325 0.5 0.5 1 2 0
1.23 0.5 0.5 1 2 0
1.2275 0.5 0.5 1 2 0
1.225 0.5 0.5 1 2 0
1.2225 0.5 0.5 1 2 0
1.22 0.5 0.5 1 2 0
1.2175 0.5 0.5 1 2 0
1.215 0.5 0.5 1 2 0
1.2125 0.5 0.5 1 2 0
1.21 0.5 0.5 1 2 0
1.2075 0.5 0.5 1 2 0
1.205 0.5 0.5 1 2 0
1.2025 0.5 0.5 1 2 0
1.2 0.5 0.5 1 2 0
1.1975 0.5 0.5 1 2 0
1.195 0.5 0.5 1 2 0
1.1925 0.5 0.5 1 2 0
1.19 0.5 0.5 1 2 0
1.1875 0.5 0.5 1 2 0
1.185 0.5 0.5 1 2 0
1.1825 0.5 0.5 1 2 0
1.18 0.5 0.5 1 2 0
1.1775 0.5 0.5 1 2 0
1.175 0.5 0.5 1 2 0
1.1725 0.5 0.5 1 2 0
1.17 0.5 0.5 1 2 0
1.1675 0.5 0.5 1 2 0
1.165 0.5 0.5 1 2 0
1.1625 0.5 0.5 1 2 0
1.16 0.5 0.5 1 2 0
1.1575 0.5 0.5 1 2 0
1.155 0.5 0.5 1 2 0
1.1525 0.5 0.5 1 2 0
1.15 0.5 0.5 1 2 0
1.1475 0.5 0.5 1 2 0
1.145 0.5 0.5 1 2 0
1.1425 0.5 0.5 1 2 0
1.14 0.5 0.5 1 2 0
1.1375 0.5 0.5 1 2 0
1.135 0.5 0.5 1 2 0
1.1325 0.5 0.5 1 2 0
1.13 0.5 0.5 1 2 0
1.1275 0.5 0.5 1 2 0
1.125 0.5 0.5 1 2 0
1.1225 0.5 0.5 1 2 0
1.12 0.5 0.5 1 2 0
1.1175 0.5 0.5 1 2 0
1.115 0.5 0.5 1 2 0
1.1125 0.5 0.5 1 2 0
1.11 0.5 0.5 1 2 0
1.1075 0.5 0.5 1 2 0
1.105 0.5 0.5 1 2 0
1.1025 0.5 0.5 1 2 0
1.1 0.5 0.5 1 2 0
1.0975 0.5 0.5 1 2 0
1.095 0.5 0.5 1 2 0
1.0925 0.5 0.5 1 2 0
1.09 0.5 0.5 1 2 0
1.0875 0.5 0.5 1 2 0
1.085 0.5 0.5 1 2 0
1.0825 0.5 0.5 1 2 0
1.08 0.5 0.5 1 2 0
1.0775 0.5 0.5 1 2 0
1.075 0.5 0.5 1 2 0
1.0725 0.5 0.5 1 2 0
1.07 0.5 0.5 1 2 0
1.0675 0.5 0.5 1 2 0
1.065 0.5 0.5 1 2 0
1.0625 0.5 0.5 1 2 0
1.06 0.5 0.5 1 2 0
1.0575 0.5 0.5 1 2 0
1.055 0.5 0.5 1 2 0
1.0525 0.5 0.5 1 2 0
1.05 0.5 0.5 1 2 0
1.0475 0.5 0.5 1 2 0
1.045 0.5 0.5 1 2 0
1.0425 0.5 0.5 1 2 0
1.04 0.5 0.5 1 2 0
1.0375 0.5 0.5 1 2 0
1.035 0.5 0.5 1 2 0
1.8025 0.5 0.5 2 2 0
1.8025 0.5298757 0.5298757 2 2 0
1.8 0.5452555 0.5452555 2 2 0
1.7975 0.5563742 0.5563742 2 2 0
1.795 0.5672311 0.5672311 2 2 0
1.7925 0.5763812 0.5763812 2 2 0
1.79 0.5843821 0.5843821 2 2 0
1.7875 0.5915327 0.5915327 2 2 0
1.785 0.5980211 0.5980211 2 2 0
1.7825 0.603963 0.603963 2 2 0
1.78 0.6094467 0.6094467 2 2 0
1.7775 0.6145413 0.6145413 2 2 0
1.775 0.6192935 0.6192935 2 2 0
1.7725 0.6244523 0.6244523 2 2 0
1.77 0.6295444 0.6295444 2 2 0
1.7675 0.634338 0.634338 2 2 0
1.765 0.6388632 0.6388632 2 2 0
1.7625 0.6431425 0.6431425 2 2 0
1.76 0.6471967 0.6471967 2 2 0
1.7575 0.6510443 0.6510443 2 2 0
1.755 0.6546959 0.6546959 2 2 0
1.7525 0.6581683 0.6581683 2 2 0
1.75 0.6620576 0.6620576 2 2 0
1.7475 0.6659102 0.6659102 2 2 0
1.745 0.6695884 0.6695884 2 2 0
1.7425 0.6731054 0.6731054 2 2 0
1.74 0.6764655 0.6764655 2 2 0
1.7375 0.6796797 0.6796797 2 2 0
1.735 0.6827534 0.6827534 2 2 0
1.7325 0.6856921 0.6856921 2 2 0
1.73 0.6886252 0.6886252 2 2 0
1.7275 0.691922 0.691922 2 2 0
1.725 0.6950863 0.6950863 2 2 0
1.7225 0.6981245 0.6981245 2 2 0
1.72 0.7010417 0.7010417 2 2 0
1.7175 0.7038408 0.7038408 2 2 0
1.715 0.7065264 0.7065264 2 2 0
1.7125 0.7091033 0.7091033 2 2 0
1.71 0.7115716 0.7115716 2 2 0
1.7075 0.7144292 0.7144292 2 2 0
1.705 0.7172251 0.7172251 2 2 0
1.7025 0.7199162 0.7199162 2 2 0
1.7 0.7225041 0.7225041 2 2 0
1.6975 0.7249942 0.7249942 2 2 0
1.695 0.727385 0.727385 2 2 0
1.6925 0.7296818 0.7296818 2 2 0
1.69 0.7318858 0.7318858 2 2 0
1.6875 0.7344492 0.7344492 2 2 0
1.685 0.7369544 0.7369544 2 2 0
1.6825 0.7393667 0.7393667 2 2 0
1.68 0.7416901 0.7416901 2 2 0
1.6775 0.7439259 0.7439259 2 2 0
1.675 0.7460747 0.7460747 2 2 0
1.6725 0.748138 0.748138 2 2 0
1.67 0.7502216 0.7502216 2 2 0
1.6675 0.7525635 0.7525635 2 2 0
1.665 0.7548224 0.7548224 2 2 0
1.6625 0.7569992 0.7569992 2 2 0
1.66 0.7590941 0.7590941 2 2 0
1.6575 0.7611092 0.7611092 2 2 0
1.655 0.7630451 0.7630451 2 2 0
1.6525 0.7649025 0.7649025 2 2 0
1.65 0.7670181 0.7670181 2 2 0
1.6475 0.7691352 0.7691352 2 2 0
1.645 0.7711758 0.7711758 2 2 0
1.6425 0.7731407 0.7731407 2 2 0
1.64 0.7750305 0.7750305 2 2 0
1.6375 0.7768452 0.7768452 2 2 0
1.635 0.7785859 0.7785859 2 2 0
1.6325 0.7805045 0.7805045 2 2 0
1.63 0.7824886 0.7824886 2 2 0
1.6275 0.7844003 0.7844003 2 2 0
1.625 0.7862403 0.7862403 2 2 0
1.6225 0.7880091 0.7880091 2 2 0
1.62 0.7897061 0.7897061 2 2 0
1.6175 0.7913327 0.7913327 2 2 0
1.615 0.793158 0.793158 2 2 0
1.6125 0.7950135 0.7950135 2 2 0
1.61 0.7967996 0.7967996 2 2 0
1.6075 0.798517 0.798517 2 2 0
1.605 0.8001661 0.8001661 2 2 0
1.6025 0.8017466 0.8017466 2 2 0
1.6 0.8032774 0.8032774 2 2 0
1.5975 0.8050725 0.8050725 2 2 0
1.595 0.806801 0.806801 2 2 0
1.5925 0.808463 0.808463 2 2 0
1.59 0.8100587 0.8100587 2 2 0
1.5875 0.8115877 0.8115877 2 2 0
1.585 0.8130506 0.8130506 2 2 0
1.5825 0.8146482 0.8146482 2 2 0
1.58 0.8163148 0.8163148 2 2 0
1.5775 0.8179167 0.8179167 2 2 0
1.575 0.8194537 0.8194537 2 2 0
1.5725 0.8209259 0.8209259 2 2 0
1.57 0.8223331 0.8223331 2 2 0
1.5675 0.8237932 0.8237932 2 2 0
1.565 0.8253933 0.8253933 2 2 0
1.5625 0.8269301 0.8269301 2 2 0
1.56 0.8284034 0.8284034 2 2 0
1.5575 0.829813 0.829813 2 2 0
1.555 0.8311587 0.8311587 2 2 0
1.5525 0.832546 0.832546 2 2 0
1.55 0.8340748 0.8340748 2 2 0
1.5475 0.8355415 0.8355415 2 2 0
1.545 0.8369455 0.8369455 2 2 0
1.5425 0.8382869 0.8382869 2 2 0
1.54 0.8395652 0.8395652 2 2 0
1.5375 0.8409336 0.8409336 2 2 0
1.535 0.8423864 0.8423864 2 2 0
1.5325 0.8437775 0.8437775 2 2 0
1.53 0.8451067 0.8451067 2 2 0
1.5275 0.8463738 0.8463738 2 2 0
1.525 0.8475782 0.8475782 2 2 0
1.5225 0.8489739 0.8489739 2 2 0
1.52 0.8503453 0.8503453 2 2 0
1.5175 0.8516553 0.8516553 2 2 0
1.515 0.8529035 0.8529035 2 2 0
1.5125 0.8540899 0.8540899 2 2 0
1.51 0.8553324 0.8553324 2 2 0
1.5075 0.8566769 0.8566769 2 2 0
1.505 0.8579605 0.8579605 2 2 0
1.5025 0.8591834 0.8591834 2 2 0
1.5 0.8603446 0.8603446 2 2 0
1.4975 0.861482 0.861482 2 2 0
1.495 0.8627932 0.8627932 2 2 0
1.4925 0.8640441 0.8640441 2 2 0
1.49 0.8652345 0.8652345 2 2 0
1.4875 0.8663634 0.8663634 2 2 0
1.485 0.8674379 0.8674379 2 2 0
1.4825 0.8687095 0.8687095 2 2 0
1.48 0.8699209 0.8699209 2 2 0
1.4775 0.8710718 0.8710718 2 2 0
1.475 0.8721614 0.8721614 2 2 0
1.4725 0.8732089 0.8732089 2 2 0
1.47 0.8744352 0.8744352 2 2 0
1.4675 0.875601 0.875601 2 2 0
1.465 0.8767058 0.8767058 2 2 0
1.4625 0.877749 0.877749 2 2 0
1.46 0.878801 0.878801 2 2 0
1.4575 0.8799746 0.8799746 2 2 0
1.455 0.8810881 0.8810881 2 2 0
1.4525 0.8821403 0.8821403 2 2 0
1.45 0.8831303 0.8831303 2 2 0
1.4475 0.8842149 0.8842149 2 2 0
1.445 0.8853304 0.8853304 2 2 0
1.4425 0.8863846 0.8863846 2 2 0
1.44 0.8873769 0.8873769 2 2 0
1.4375 0.8883368 0.8883368 2 2 0
1.435 0.8894478 0.8894478 2 2 0
1.4325 0.8904977 0.8904977 2 2 0
1.43 0.8914856 0.8914856 2 2 0
1.4275 0.8924108 0.8924108 2 2 0
1.425 0.8934533 0.8934533 2 2 0
1.4225 0.8944926 0.8944926 2 2 0
1.42 0.8954698 0.8954698 2 2 0
1.4175 0.8963841 0.8963841 2 2 0
1.415 0.8973561 0.8973561 2 2 0
1.4125 0.8983787 0.8983787 2 2 0
1.41 0.8993389 0.8993389 2 2 0
1.4075 0.9002357 0.9002357 2 2 0
1.405 0.9011622 0.9011622 2 2 0
1.4025 0.902162 0.902162 2 2 0
1.4 0.9030989 0.9030989 2 2 0
1.3975 0.9039719 0.9039719 2 2 0
1.395 0.9048757 0.9048757 2 2 0
1.3925 0.9058468 0.9058468 2 2 0
1.39 0.9067548 0.9067548 2 2 0
1.3875 0.9075984 0.9075984 2 2 0
1.385 0.9084983 0.9084983 2 2 0
1.3825 0.9094344 0.9094344 2 2 0
1.38 0.9103063 0.9103063 2 2 0
1.3775 0.9111125 0.9111125 2 2 0
1.375 0.9120258 0.9120258 2 2 0
1.3725 0.9129211 0.9129211 2 2 0
1.37 0.9137517 0.9137517 2 2 0
1.3675 0.9145464 0.9145464 2 2 0
1.365 0.915459 0.915459 2 2 0
1.3625 0.9163064 0.9163064 2 2 0
1.36 0.917087 0.917087 2 2 0
1.3575 0.9179276 0.9179276 2 2 0
1.355 0.9187879 0.9187879 2 2 0
1.3525 0.9195819 0.9195819 2 2 0
1.35 0.9203401 0.9203401 2 2 0
1.3475 0.9212065 0.9212065 2 2 0
1.345 0.9220057 0.9220057 2 2 0
1.3425 0.9227394 0.9227394 2 2 0
1.34 0.9235698 0.9235698 2 2 0
1.3375 0.9243715 0.9243715 2 2 0
1.335 0.9251042 0.9251042 2 2 0
1.3325 0.9258816 0.9258816 2 2 0
1.33 0.9266806 0.9266806 2 2 0
1.3275 0.9274103 0.9274103 2 2 0
1.325 0.9281486 0.9281486 2 2 0
1.3225 0.9289376 0.9289376 2 2 0
1.32 0.929659 0.929659 2 2 0
1.3175 0.9303728 0.9303728 2 2 0
1.8025 0.5 0.5 2 2 0
1.8025 0.4701243 0.4701243 2 2 0
1.8 0.4547445 0.4547445 2 2 0
1.7975 0.4436258 0.4436258 2 2 0
1.795 0.4327689 0.4327689 2 2 0
1.7925 0.4236188 0.4236188 2 2 0
1.79 0.4156179 0.4156179 2 2 0
1.7875 0.4084673 0.4084673 2 2 0
1.785 0.4019789 0.4019789 2 2 0
1.7825 0.396037 0.396037 2 2 0
1.78 0.3905533 0.3905533 2 2 0
1.7775 0.3854587 0.3854587 2 2 0
1.775 0.3807065 0.3807065 2 2 0
1.7725 0.3755477 0.3755477 2 2 0
1.77 0.3704556 0.3704556 2 2 0
1.7675 0.365662 0.365662 2 2 0
1.765 0.3611368 0.3611368 2 2 0
1.7625 0.3568575 0.3568575 2 2 0
1.76 0.3528033 0.3528033 2 2 0
1.7575 0.3489557 0.3489557 2 2 0
1.755 0.3453041 0.3453041 2 2 0
1.7525 0.3418317 0.3418317 2 2 0
1.75 0.3379424 0.3379424 2 2 0
1.7475 0.3340898 0.3340898 2 2 0
1.745 0.3304116 0.3304116 2 2 0
1.7425 0.3268946 0.3268946 2 2 0
1.74 0.3235345 0.3235345 2 2 0
1.7375 0.3203203 0.3203203 2 2 0
1.735 0.3172466 0.3172466 2 2 0
1.7325 0.3143079 0.3143079 2 2 0
1.73 0.3113748 0.3113748 2 2 0
1.7275 0.308078 0.308078 2 2 0
1.725 0.3049137 0.3049137 2 2 0
1.7225 0.3018755 0.3018755 2 2 0
1.72 0.2989583 0.2989583 2 2 0
1.7175 0.2961592 0.2961592 2 2 0
1.715 0.2934736 0.2934736 2 2 0
1.7125 0.2908967 0.2908967 2 2 0
1.71 0.2884284 0.2884284 2 2 0
1.7075 0.2855708 0.2855708 2 2 0
1.705 0.2827749 0.2827749 2 2 0
1.7025 0.2800838 0.2800838 2 2 0
1.7 0.2774959 0.2774959 2 2 0
1.6975 0.2750058 0.2750058 2 2 0
1.695 0.272615 0.272615 2 2 0
1.6925 0.2703182 0.2703182 2 2 0
1.69 0.2681142 0.2681142 2 2 0
1.6875 0.2655508 0.2655508 2 2 0
1.685 0.2630456 0.2630456 2 2 0
1.6825 0.2606333 0.2606333 2 2 0
1.68 0.2583099 0.2583099 2 2 0
1.6775 0.2560741 0.2560741 2 2 0
1.675 0.2539253 0.2539253 2 2 0
1.6725 0.251862 0.251862 2 2 0
1.67 0.2497784 0.2497784 2 2 0
1.6675 0.2474365 0.2474365 2 2 0
1.665 0.2451776 0.2451776 2 2 0
1.6625 0.2430008 0.2430008 2 2 0
1.66 0.2409059 0.2409059 2 2 0
1.6575 0.2388908 0.2388908 2 2 0
1.655 0.2369549 0.2369549 2 2 0
1.6525 0.2350975 0.2350975 2 2 0
1.65 0.2329819 0.2329819 2 2 0
1.6475 0.2308648 0.2308648 2 2 0
1.645 0.2288242 0.2288242 2 2 0
1.6425 0.2268593 0.2268593 2 2 0
1.64 0.2249695 0.2249695 2 2 0
1.6375 0.2231548 0.2231548 2 2 0
1.635 0.2214141 0.2214141 2 2 0
1.6325 0.2194955 0.2194955 2 2 0
1.63 0.2175114 0.2175114 2 2 0
1.6275 0.2155997 0.2155997 2 2 0
1.625 0.2137597 0.2137597 2 2 0
1.6225 0.2119909 0.2119909 2 2 0
1.62 0.2102939 0.2102939 2 2 0
1.6175 0.2086673 0.2086673 2 2 0
1.615 0.206842 0.206842 2 2 0
1.6125 0.2049865 0.2049865 2 2 0
1.61 0.2032004 0.2032004 2 2 0
1.6075 0.201483 0.201483 2 2 0
1.605 0.1998339 0.1998339 2 2 0
1.6025 0.1982534 0.1982534 2 2 0
1.6 0.1967226 0.1967226 2 2 0
1.5975 0.1949275 0.1949275 2 2 0
1.595 0.193199 0.193199 2 2 0
1.5925 0.191537 0.191537 2 2 0
1.59 0.1899413 0.1899413 2 2 0
1.5875 0.1884123 0.1884123 2 2 0
1.585 0.1869494 0.1869494 2 2 0
1.5825 0.1853518 0.1853518 2 2 0
1.58 0.1836852 0.1836852 2 2 0
1.5775 0.1820833 0.1820833 2 2 0
1.575 0.1805463 0.1805463 2 2 0
1.5725 0.1790741 0.1790741 2 2 0
1.57 0.1776669 0.1776669 2 2 0
1.5675 0.1762068 0.1762068 2 2 0
1.565 0.1746067 0.1746067 2 2 0
1.5625 0.1730699 0.1730699 2 2 0
1.56 0.1715966 0.1715966 2 2 0
1.5575 0.170187 0.170187 2 2 0
1.555 0.1688413 0.1688413 2 2 0
1.5525 0.167454 0.167454 2 2 0
1.55 0.1659252 0.1659252 2 2 0
1.5475 0.1644585 0.1644585 2 2 0
1.545 0.1630545 0.1630545 2 2 0
1.5425 0.1617131 0.1617131 2 2 0
1.54 0.1604348 0.1604348 2 2 0
1.5375 0.1590664 0.1590664 2 2 0
1.535 0.1576136 0.1576136 2 2 0
1.5325 0.1562225 0.1562225 2 2 0
1.53 0.1548933 0.1548933 2 2 0
1.5275 0.1536262 0.1536262 2 2 0
1.525 0.1524218 0.1524218 2 2 0
1.5225 0.1510261 0.1510261 2 2 0
1.52 0.1496547 0.1496547 2 2 0
1.5175 0.1483447 0.1483447 2 2 0
1.515 0.1470965 0.1470965 2 2 0
1.5125 0.1459101 0.1459101 2 2 0
1.51 0.1446676 0.1446676 2 2 0
1.5075 0.1433231 0.1433231 2 2 0
1.505 0.1420395 0.1420395 2 2 0
1.5025 0.1408166 0.1408166 2 2 0
1.5 0.1396554 0.1396554 2 2 0
1.4975 0.138518 0.138518 2 2 0
1.495 0.1372068 0.1372068 2 2 0
1.4925 0.1359559 0.1359559 2 2 0
1.49 0.1347655 0.1347655 2 2 0
1.4875 0.1336366 0.1336366 2 2 0
1.485 0.1325621 0.1325621 2 2 0
1.4825 0.1312905 0.1312905 2 2 0
1.48 0.1300791 0.1300791 2 2 0
1.4775 0.1289282 0.1289282 2 2 0
1.475 0.1278386 0.1278386 2 2 0
1.4725 0.1267911 0.1267911 2 2 0
1.47 0.1255648 0.1255648 2 2 0
1.4675 0.124399 0.124399 2 2 0
1.465 0.1232942 0.1232942 2 2 0
1.4625 0.122251 0.122251 2 2 0
1.46 0.121199 0.121199 2 2 0
1.4575 0.1200254 0.1200254 2 2 0
1.455 0.1189119 0.1189119 2 2 0
1.4525 0.1178597 0.1178597 2 2 0
1.45 0.1168697 0.1168697 2 2 0
1.4475 0.1157851 0.1157851 2 2 0
1.445 0.1146696 0.1146696 2 2 0
1.4425 0.1136154 0.1136154 2 2 0
1.44 0.1126231 0.1126231 2 2 0
1.4375 0.1116632 0.1116632 2 2 0
1.435 0.1105522 0.1105522 2 2 0
1.4325 0.1095023 0.1095023 2 2 0
1.43 0.1085144 0.1085144 2 2 0
1.4275 0.1075892 0.1075892 2 2 0
1.425 0.1065467 0.1065467 2 2 0
1.4225 0.1055074 0.1055074 2 2 0
1.42 0.1045302 0.1045302 2 2 0
1.4175 0.1036159 0.1036159 2 2 0
1.415 0.1026439 0.1026439 2 2 0
1.4125 0.1016213 0.1016213 2 2 0
1.41 0.1006611 0.1006611 2 2 0
1.4075 0.0997643 0.0997643 2 2 0
1.405 0.0988378 0.0988378 2 2 0
1.4025 0.097838 0.097838 2 2 0
1.4 0.0969011 0.0969011 2 2 0
1.3975 0.0960281 0.0960281 2 2 0
1.395 0.0951243 0.0951243 2 2 0
1.3925 0.0941532 0.0941532 2 2 0
1.39 0.0932452 0.0932452 2 2 0
1.3875 0.0924016 0.0924016 2 2 0
1.385 0.0915017 0.0915017 2 2 0
1.3825 0.0905656 0.0905656 2 2 0
1.38 0.0896937 0.0896937 2 2 0
1.3775 0.0888875 0.0888875 2 2 0
1.375 0.0879742 0.0879742 2 2 0
1.3725 0.0870789 0.0870789 2 2 0
1.37 0.0862483 0.0862483 2 2 0
1.3675 0.0854536 0.0854536 2 2 0
1.365 0.084541 0.084541 2 2 0
1.3625 0.0836936 0.0836936 2 2 0
1.36 0.082913 0.082913 2 2 0
1.3575 0.0820724 0.0820724 2 2 0
1.355 0.0812121 0.0812121 2 2 0
1.3525 0.0804181 0.0804181 2 2 0
1.35 0.0796599 0.0796599 2 2 0
1.3475 0.0787935 0.0787935 2 2 0
1.345 0.0779943 0.0779943 2 2 0
1.3425 0.0772606 0.0772606 2 2 0
1.34 0.0764302 0.0764302 2 2 0
1.3375 0.0756285 0.0756285 2 2 0
1.335 0.0748958 0.0748958 2 2 0
1.3325 0.0741184 0.0741184 2 2 0
1.33 0.0733194 0.0733194 2 2 0
1.3275 0.0725897 0.0725897 2 2 0
1.325 0.0718514 0.0718514 2 2 0
1.3225 0.0710624 0.0710624 2 2 0
1.32 0.070341 0.070341 2 2 0
1.3175 0.0696272 0.0696272 2 2 0
