2.0 0.5 0.5 2 1 0
1.9969682 0.5 0.5 2 1 0
1.9939363 0.5 0.5 2 1 0
1.9909045 0.5 0.5 2 1 0
1.9878727 0.5 0.5 2 1 0
1.9848409 0.5 0.5 2 1 0
1.981809 0.5 0.5 2 1 0
1.9787772 0.5 0.5 2 1 0
1.9757454 0.5 0.5 2 1 0
1.9727136 0.5 0.5 2 1 0
1.9696817 0.5 0.5 2 1 0
1.9666499 0.5 0.5 2 1 0
1.9636181 0.5 0.5 2 1 0
1.9605863 0.5 0.5 2 1 0
1.9575544 0.5 0.5 2 1 0
1.9545226 0.5 0.5 2 1 0
1.9514908 0.5 0.5 2 1 0
1.948459 0.5 0.5 2 1 0
1.9454271 0.5 0.5 2 1 0
1.9423953 0.5 0.5 2 1 0
1.9393635 0.5 0.5 2 1 0
1.9363317 0.5 0.5 2 1 0
1.9332998 0.5 0.5 2 1 0
1.930268 0.5 0.5 2 1 0
1.9272362 0.5 0.5 2 1 0
1.9242044 0.5 0.5 2 1 0
1.9211725 0.5 0.5 2 1 0
1.9181407 0.5 0.5 2 1 0
1.9151089 0.5 0.5 2 1 0
1.9120771 0.5 0.5 2 1 0
1.9090452 0.5 0.5 2 1 0
1.9060134 0.5 0.5 2 1 0
1.9029816 0.5 0.5 2 1 0
1.8999498 0.5 0.5 2 1 0
1.8969179 0.5 0.5 2 1 0
1.8938861 0.5 0.5 2 1 0
1.8908543 0.5 0.5 2 1 0
1.8878225 0.5 0.5 2 1 0
1.8847906 0.5 0.5 2 1 0
1.8817588 0.5 0.5 2 1 0
1.878727 0.5 0.5 2 1 0
1.8756951 0.5 0.5 2 1 0
1.8726633 0.5 0.5 2 1 0
1.8696315 0.5 0.5 2 1 0
1.8665997 0.5 0.5 2 1 0
1.8635678 0.5 0.5 2 1 0
1.860536 0.5 0.5 2 1 0
1.8575042 0.5 0.5 2 1 0
1.8544724 0.5 0.5 2 1 0
1.8514405 0.5 0.5 2 1 0
1.8484087 0.5 0.5 2 1 0
1.8453769 0.5 0.5 2 1 0
1.8423451 0.5 0.5 2 1 0
1.8393132 0.5 0.5 2 1 0
1.8362814 0.5 0.5 2 1 0
1.8332496 0.5 0.5 2 1 0
1.8302178 0.5 0.5 2 1 0
1.8271859 0.5 0.5 2 1 0
1.8241541 0.5 0.5 2 1 0
1.8211223 0.5 0.5 2 1 0
1.8180905 0.5 0.5 2 1 0
1.8150586 0.5 0.5 2 1 0
1.8120268 0.5 0.5 2 1 0
1.808995 0.5 0.5 2 1 0
1.8059632 0.5 0.5 2 1 0
1.8029313 0.5 0.5 2 1 0
1.7998995 0.5 0.5 2 1 0
1.7968677 0.5 0.5 2 1 0
1.7938359 0.5 0.5 2 1 0
1.790804 0.5 0.5 2 1 0
1.7877722 0.5 0.5 2 1 0
1.7847404 0.5 0.5 2 1 0
1.7817086 0.5 0.5 2 1 0
1.7786767 0.5 0.5 2 1 0
1.7756449 0.5 0.5 2 1 0
1.7726131 0.5 0.5 2 1 0
1.7695813 0.5 0.5 2 1 0
1.7665494 0.5 0.5 2 1 0
1.7635176 0.5 0.5 2 1 0
1.7604858 0.5 0.5 2 1 0
1.7574539 0.5 0.5 2 1 0
1.7544221 0.5 0.5 2 1 0
1.7513903 0.5 0.5 2 1 0
1.7483585 0.5 0.5 2 1 0
1.7453266 0.5 0.5 2 1 0
1.7422948 0.5 0.5 2 1 0
1.739263 0.5 0.5 2 1 0
1.7362312 0.5 0.5 2 1 0
1.7331993 0.5 0.5 2 1 0
1.7301675 0.5 0.5 2 1 0
1.7271357 0.5 0.5 2 1 0
1.7241039 0.5 0.5 2 1 0
1.721072 0.5 0.5 2 1 0
1.7180402 0.5 0.5 2 1 0
1.7150084 0.5 0.5 2 1 0
1.7119766 0.5 0.5 2 1 0
1.7089447 0.5 0.5 2 1 0
1.7059129 0.5 0.5 2 1 0
1.7028811 0.5 0.5 2 1 0
1.6998493 0.5 0.5 2 1 0
1.6968174 0.5 0.5 2 1 0
1.6937856 0.5 0.5 2 1 0
1.6907538 0.5 0.5 2 1 0
1.687722 0.5 0.5 2 1 0
1.6846901 0.5 0.5 2 1 0
1.6816583 0.5 0.5 2 1 0
1.6786265 0.5 0.5 2 1 0
1.6755947 0.5 0.5 2 1 0
1.6725628 0.5 0.5 2 1 0
1.669531 0.5 0.5 2 1 0
1.6664992 0.5 0.5 2 1 0
1.6634674 0.5 0.5 2 1 0
1.6604355 0.5 0.5 2 1 0
1.6574037 0.5 0.5 2 1 0
1.6543719 0.5 0.5 2 1 0
1.6513401 0.5 0.5 2 1 0
1.6483082 0.5 0.5 2 1 0
1.6452764 0.5 0.5 2 1 0
1.6422446 0.5 0.5 2 1 0
1.6392128 0.5 0.5 2 1 0
1.6361809 0.5 0.5 2 1 0
1.6331491 0.5 0.5 2 1 0
1.6301173 0.5 0.5 2 1 0
1.6270854 0.5 0.5 2 1 0
1.6240536 0.5 0.5 2 1 0
1.6210218 0.5 0.5 2 1 0
1.61799 0.5 0.5 2 1 0
1.6149581 0.5 0.5 2 1 0
1.6119263 0.5 0.5 2 1 0
1.6088945 0.5 0.5 2 1 0
1.6058627 0.5 0.5 2 1 0
1.6028308 0.5 0.5 2 1 0
1.599799 0.5 0.5 2 1 0
1.5967672 0.5 0.5 2 1 0
1.5937354 0.5 0.5 2 1 0
1.5907035 0.5 0.5 2 1 0
1.5876717 0.5 0.5 2 1 0
1.5846399 0.5 0.5 2 1 0
1.5816081 0.5 0.5 2 1 0
1.5785762 0.5 0.5 2 1 0
1.5755444 0.5 0.5 2 1 0
1.5725126 0.5 0.5 2 1 0
1.5694808 0.5 0.5 2 1 0
1.5664489 0.5 0.5 2 1 0
1.5634171 0.5 0.5 2 1 0
1.5603853 0.5 0.5 2 1 0
1.5573535 0.5 0.5 2 1 0
1.5543216 0.5 0.5 2 1 0
1.5512898 0.5 0.5 2 1 0
1.548258 0.5 0.5 2 1 0
1.5452262 0.5 0.5 2 1 0
1.5421943 0.5 0.5 2 1 0
1.5391625 0.5 0.5 2 1 0
1.5361307 0.5 0.5 2 1 0
1.5330989 0.5 0.5 2 1 0
1.530067 0.5 0.5 2 1 0
1.5270352 0.5 0.5 2 1 0
1.5240034 0.5 0.5 2 1 0
1.5209716 0.5 0.5 2 1 0
1.5179397 0.5 0.5 2 1 0
1.5149079 0.5 0.5 2 1 0
1.5118761 0.5 0.5 2 1 0
1.5088442 0.5 0.5 2 1 0
1.5058124 0.5 0.5 2 1 0
1.5027806 0.5 0.5 2 1 0
1.4997488 0.5 0.5 2 1 0
1.4967169 0.5 0.5 2 1 0
1.4936851 0.5 0.5 2 1 0
1.4906533 0.5 0.5 2 1 0
1.4876215 0.5 0.5 2 1 0
1.4845896 0.5 0.5 2 1 0
1.4815578 0.5 0.5 2 1 0
1.478526 0.5 0.5 2 1 0
1.4754942 0.5 0.5 2 1 0
1.4724623 0.5 0.5 2 1 0
1.4694305 0.5 0.5 2 1 0
1.4663987 0.5 0.5 2 1 0
1.4633669 0.5 0.5 2 1 0
1.460335 0.5 0.5 2 1 0
1.4573032 0.5 0.5 2 1 0
1.4542714 0.5 0.5 2 1 0
1.4512396 0.5 0.5 2 1 0
1.4482077 0.5 0.5 2 1 0
1.4451759 0.5 0.5 2 1 0
1.4421441 0.5 0.5 2 1 0
1.4391123 0.5 0.5 2 1 0
1.4360804 0.5 0.5 2 1 0
1.4330486 0.5 0.5 2 1 0
1.4300168 0.5 0.5 2 1 0
1.426985 0.5 0.5 2 1 0
1.4239531 0.5 0.5 2 1 0
1.4209213 0.5 0.5 2 1 0
1.4178895 0.5 0.5 2 1 0
1.4148577 0.5 0.5 2 1 0
1.4118258 0.5 0.5 2 1 0
1.408794 0.5 0.5 2 1 0
1.4057622 0.5 0.5 2 1 0
1.4027304 0.5 0.5 2 1 0
1.3996985 0.5 0.5 2 1 0
1.3966667 0.5 0.5 2 1 0
1.3966667 0.5 0.5 1 2 0
1.395 0.5 0.5 1 2 0
1.3933333 0.5 0.5 1 2 0
1.3916667 0.5 0.5 1 2 0
1.39 0.5 0.5 1 2 0
1.3883333 0.5 0.5 1 2 0
1.3866667 0.5 0.5 1 2 0
1.385 0.5 0.5 1 2 0
1.3833333 0.5 0.5 1 2 0
1.3816667 0.5 0.5 1 2 0
1.38 0.5 0.5 1 2 0
1.3783333 0.5 0.5 1 2 0
1.3766667 0.5 0.5 1 2 0
1.375 0.5 0.5 1 2 0
1.3733333 0.5 0.5 1 2 0
1.3716667 0.5 0.5 1 2 0
1.37 0.5 0.5 1 2 0
1.3683333 0.5 0.5 1 2 0
1.3666667 0.5 0.5 1 2 0
1.365 0.5 0.5 1 2 0
1.3633333 0.5 0.5 1 2 0
1.3616667 0.5 0.5 1 2 0
1.36 0.5 0.5 1 2 0
1.3583333 0.5 0.5 1 2 0
1.3566667 0.5 0.5 1 2 0
1.355 0.5 0.5 1 2 0
1.3533333 0.5 0.5 1 2 0
1.3516667 0.5 0.5 1 2 0
1.35 0.5 0.5 1 2 0
1.3483333 0.5 0.5 1 2 0
1.3466667 0.5 0.5 1 2 0
1.345 0.5 0.5 1 2 0
1.3433333 0.5 0.5 1 2 0
1.3416667 0.5 0.5 1 2 0
1.34 0.5 0.5 1 2 0
1.3383333 0.5 0.5 1 2 0
1.3366667 0.5 0.5 1 2 0
1.335 0.5 0.5 1 2 0
1.3333333 0.5 0.5 1 2 0
1.3316667 0.5 0.5 1 2 0
1.33 0.5 0.5 1 2 0
1.3283333 0.5 0.5 1 2 0
1.3266667 0.5 0.5 1 2 0
1.325 0.5 0.5 1 2 0
1.3233333 0.5 0.5 1 2 0
1.3216667 0.5 0.5 1 2 0
1.32 0.5 0.5 1 2 0
1.3183333 0.5 0.5 1 2 0
1.3166667 0.5 0.5 1 2 0
1.315 0.5 0.5 1 2 0
1.3133333 0.5 0.5 1 2 0
1.3116667 0.5 0.5 1 2 0
1.31 0.5 0.5 1 2 0
1.3083333 0.5 0.5 1 2 0
1.3066667 0.5 0.5 1 2 0
1.305 0.5 0.5 1 2 0
1.3033333 0.5 0.5 1 2 0
1.3016667 0.5 0.5 1 2 0
1.3 0.5 0.5 1 2 0
1.2983333 0.5 0.5 1 2 0
1.2966667 0.5 0.5 1 2 0
1.295 0.5 0.5 1 2 0
1.2933333 0.5 0.5 1 2 0
1.2916667 0.5 0.5 1 2 0
1.29 0.5 0.5 1 2 0
1.2883333 0.5 0.5 1 2 0
1.2866667 0.5 0.5 1 2 0
1.285 0.5 0.5 1 2 0
1.2833333 0.5 0.5 1 2 0
1.2816667 0.5 0.5 1 2 0
1.28 0.5 0.5 1 2 0
1.2783333 0.5 0.5 1 2 0
1.2766667 0.5 0.5 1 2 0
1.275 0.5 0.5 1 2 0
1.2733333 0.5 0.5 1 2 0
1.2716667 0.5 0.5 1 2 0
1.27 0.5 0.5 1 2 0
1.2683333 0.5 0.5 1 2 0
1.2666667 0.5 0.5 1 2 0
1.265 0.5 0.5 1 2 0
1.2633333 0.5 0.5 1 2 0
1.2616667 0.5 0.5 1 2 0
1.26 0.5 0.5 1 2 0
1.2583333 0.5 0.5 1 2 0
1.2566667 0.5 0.5 1 2 0
1.255 0.5 0.5 1 2 0
1.2533333 0.5 0.5 1 2 0
1.2516667 0.5 0.5 1 2 0
1.25 0.5 0.5 1 2 0
1.2483333 0.5 0.5 1 2 0
1.2466667 0.5 0.5 1 2 0
1.245 0.5 0.5 1 2 0
1.2433333 0.5 0.5 1 2 0
1.2416667 0.5 0.5 1 2 0
1.24 0.5 0.5 1 2 0
1.2383333 0.5 0.5 1 2 0
1.2366667 0.5 0.5 1 2 0
1.235 0.5 0.5 1 2 0
1.2333333 0.5 0.5 1 2 0
1.2316667 0.5 0.5 1 2 0
1.23 0.5 0.5 1 2 0
1.2283333 0.5 0.5 1 2 0
1.2266667 0.5 0.5 1 2 0
1.225 0.5 0.5 1 2 0
1.2233333 0.5 0.5 1 2 0
1.2216667 0.5 0.5 1 2 0
1.22 0.5 0.5 1 2 0
1.2183333 0.5 0.5 1 2 0
1.2166667 0.5 0.5 1 2 0
1.215 0.5 0.5 1 2 0
1.2133333 0.5 0.5 1 2 0
1.2116667 0.5 0.5 1 2 0
1.21 0.5 0.5 1 2 0
1.2083333 0.5 0.5 1 2 0
1.2066667 0.5 0.5 1 2 0
1.205 0.5 0.5 1 2 0
1.2033333 0.5 0.5 1 2 0
1.2016667 0.5 0.5 1 2 0
1.2 0.5 0.5 1 2 0
1.1983333 0.5 0.5 1 2 0
1.1966667 0.5 0.5 1 2 0
1.195 0.5 0.5 1 2 0
1.1933333 0.5 0.5 1 2 0
1.1916667 0.5 0.5 1 2 0
1.19 0.5 0.5 1 2 0
1.1883333 0.5 0.5 1 2 0
1.1866667 0.5 0.5 1 2 0
1.185 0.5 0.5 1 2 0
1.1833333 0.5 0.5 1 2 0
1.1816667 0.5 0.5 1 2 0
1.18 0.5 0.5 1 2 0
1.1783333 0.5 0.5 1 2 0
1.1766667 0.5 0.5 1 2 0
1.175 0.5 0.5 1 2 0
1.1733333 0.5 0.5 1 2 0
1.1716667 0.5 0.5 1 2 0
1.17 0.5 0.5 1 2 0
1.1683333 0.5 0.5 1 2 0
1.1666667 0.5 0.5 1 2 0
1.165 0.5 0.5 1 2 0
1.1633333 0.5 0.5 1 2 0
1.1616667 0.5 0.5 1 2 0
1.16 0.5 0.5 1 2 0
1.1583333 0.5 0.5 1 2 0
1.1566667 0.5 0.5 1 2 0
1.155 0.5 0.5 1 2 0
1.1533333 0.5 0.5 1 2 0
1.1516667 0.5 0.5 1 2 0
1.15 0.5 0.5 1 2 0
1.1483333 0.5 0.5 1 2 0
1.1466667 0.5 0.5 1 2 0
1.145 0.5 0.5 1 2 0
1.1433333 0.5 0.5 1 2 0
1.1416667 0.5 0.5 1 2 0
1.14 0.5 0.5 1 2 0
1.1383333 0.5 0.5 1 2 0
1.1366667 0.5 0.5 1 2 0
1.135 0.5 0.5 1 2 0
1.1333333 0.5 0.5 1 2 0
1.1316667 0.5 0.5 1 2 0
1.13 0.5 0.5 1 2 0
1.1283333 0.5 0.5 1 2 0
1.1266667 0.5 0.5 1 2 0
1.125 0.5 0.5 1 2 0
1.1233333 0.5 0.5 1 2 0
1.1216667 0.5 0.5 1 2 0
1.12 0.5 0.5 1 2 0
1.1183333 0.5 0.5 1 2 0
1.1166667 0.5 0.5 1 2 0
1.115 0.5 0.5 1 2 0
1.1133333 0.5 0.5 1 2 0
1.1116667 0.5 0.5 1 2 0
1.11 0.5 0.5 1 2 0
1.1083333 0.5 0.5 1 2 0
1.1066667 0.5 0.5 1 2 0
1.105 0.5 0.5 1 2 0
1.1033333 0.5 0.5 1 2 0
1.1016667 0.5 0.5 1 2 0
1.1 0.5 0.5 1 2 0
1.0983333 0.5 0.5 1 2 0
1.0966667 0.5 0.5 1 2 0
1.095 0.5 0.5 1 2 0
1.0933333 0.5 0.5 1 2 0
1.0916667 0.5 0.5 1 2 0
1.09 0.5 0.5 1 2 0
1.0883333 0.5 0.5 1 2 0
1.0866667 0.5 0.5 1 2 0
1.085 0.5 0.5 1 2 0
1.0833333 0.5 0.5 1 2 0
1.0816667 0.5 0.5 1 2 0
1.08 0.5 0.5 1 2 0
1.0783333 0.5 0.5 1 2 0
1.0766667 0.5 0.5 1 2 0
1.075 0.5 0.5 1 2 0
1.0733333 0.5 0.5 1 2 0
1.0716667 0.5 0.5 1 2 0
1.07 0.5 0.5 1 2 0
1.0683333 0.5 0.5 1 2 0
1.0666667 0.5 0.5 1 2 0
1.065 0.5 0.5 1 2 0
1.0633333 0.5 0.5 1 2 0
1.0616667 0.5 0.5 1 2 0
1.06 0.5 0.5 1 2 0
1.0583333 0.5 0.5 1 2 0
1.0566667 0.5 0.5 1 2 0
1.055 0.5 0.5 1 2 0
1.0533333 0.5 0.5 1 2 0
1.0516667 0.5 0.5 1 2 0
1.05 0.5 0.5 1 2 0
1.0483333 0.5 0.5 1 2 0
1.0466667 0.5 0.5 1 2 0
1.045 0.5 0.5 1 2 0
1.0433333 0.5 0.5 1 2 0
1.0416667 0.5 0.5 1 2 0
1.04 0.5 0.5 1 2 0
1.0383333 0.5 0.5 1 2 0
1.0366667 0.5 0.5 1 2 0
1.035 0.5 0.5 1 2 0
1.0333333 0.5 0.5 1 2 0
1.0316667 0.5 0.5 1 2 0
1.03 0.5 0.5 1 2 0
1.0283333 0.5 0.5 1 2 0
1.0266667 0.5 0.5 1 2 0
1.025 0.5 0.5 1 2 0
1.0233333 0.5 0.5 1 2 0
1.0216667 0.5 0.5 1 2 0
1.02 0.5 0.5 1 2 0
1.0183333 0.5 0.5 1 2 0
1.0166667 0.5 0.5 1 2 0
1.015 0.5 0.5 1 2 0
1.0133333 0.5 0.5 1 2 0
1.0116667 0.5 0.5 1 2 0
1.01 0.5 0.5 1 2 0
1.0083333 0.5 0.5 1 2 0
1.0066667 0.5 0.5 1 2 0
1.3966667 0.5 0.5 2 2 0
1.3966667 0.5201669 0.5201669 2 2 0
1.395 0.545235 0.545235 2 2 0
1.3933333 0.5598323 0.5598323 2 2 0
1.3916667 0.5707452 0.5707452 2 2 0
1.39 0.5794929 0.5794929 2 2 0
1.3883333 0.5897855 0.5897855 2 2 0
1.3866667 0.5989288 0.5989288 2 2 0
1.385 0.6067983 0.6067983 2 2 0
1.3833333 0.6136499 0.6136499 2 2 0
1.3816667 0.6196486 0.6196486 2 2 0
1.38 0.6249085 0.6249085 2 2 0
1.3783333 0.6317811 0.6317811 2 2 0
1.3766667 0.6380386 0.6380386 2 2 0
1.375 0.6436426 0.6436426 2 2 0
1.3733333 0.6486624 0.6486624 2 2 0
1.3716667 0.6531459 0.6531459 2 2 0
1.37 0.6575668 0.6575668 2 2 0
1.3683333 0.662998 0.662998 2 2 0
1.3666667 0.6679255 0.6679255 2 2 0
1.365 0.6723854 0.6723854 2 2 0
1.3633333 0.6764066 0.6764066 2 2 0
1.3616667 0.6800115 0.6800115 2 2 0
1.36 0.6843355 0.6843355 2 2 0
1.3583333 0.6888011 0.6888011 2 2 0
1.3566667 0.6928683 0.6928683 2 2 0
1.355 0.6965529 0.6965529 2 2 0
1.3533333 0.699871 0.699871 2 2 0
1.3516667 0.7032576 0.7032576 2 2 0
1.35 0.7073614 0.7073614 2 2 0
1.3483333 0.7111127 0.7111127 2 2 0
1.3466667 0.7145198 0.7145198 2 2 0
1.345 0.7175937 0.7175937 2 2 0
1.3433333 0.7204212 0.7204212 2 2 0
1.3416667 0.7242176 0.7242176 2 2 0
1.34 0.7276915 0.7276915 2 2 0
1.3383333 0.7308506 0.7308506 2 2 0
1.3366667 0.7336992 0.7336992 2 2 0
1.335 0.7362428 0.7362428 2 2 0
1.3333333 0.7397446 0.7397446 2 2 0
1.3316667 0.7429627 0.7429627 2 2 0
1.33 0.7458846 0.7458846 2 2 0
1.3283333 0.748514 0.748514 2 2 0
1.3266667 0.750935 0.750935 2 2 0
1.325 0.7541867 0.7541867 2 2 0
1.3233333 0.757156 0.757156 2 2 0
1.3216667 0.7598444 0.7598444 2 2 0
1.32 0.7622531 0.7622531 2 2 0
1.3183333 0.7647121 0.7647121 2 2 0
1.3166667 0.7677046 0.7677046 2 2 0
1.315 0.7704261 0.7704261 2 2 0
1.3133333 0.7728773 0.7728773 2 2 0
1.3116667 0.7750577 0.7750577 2 2 0
1.31 0.7776729 0.7776729 2 2 0
1.3083333 0.7804044 0.7804044 2 2 0
1.3066667 0.7828733 0.7828733 2 2 0
1.305 0.785078 0.785078 2 2 0
1.3033333 0.7871676 0.7871676 2 2 0
1.3016667 0.7898879 0.7898879 2 2 0
1.3 0.7923514 0.7923514 2 2 0
1.2983333 0.7945568 0.7945568 2 2 0
1.2966667 0.7965021 0.7965021 2 2 0
1.295 0.7989579 0.7989579 2 2 0
1.2933333 0.8013953 0.8013953 2 2 0
1.2916667 0.8035792 0.8035792 2 2 0
1.29 0.8055067 0.8055067 2 2 0
1.2883333 0.8076751 0.8076751 2 2 0
1.2866667 0.8100669 0.8100669 2 2 0
1.285 0.8122079 0.8122079 2 2 0
1.2833333 0.8140953 0.8140953 2 2 0
1.2816667 0.8160842 0.8160842 2 2 0
1.28 0.8184104 0.8184104 2 2 0
1.2783333 0.8204881 0.8204881 2 2 0
1.2766667 0.8223135 0.8223135 2 2 0
1.275 0.8242151 0.8242151 2 2 0
1.2733333 0.8264569 0.8264569 2 2 0
1.2716667 0.8284509 0.8284509 2 2 0
1.27 0.8301928 0.8301928 2 2 0
1.2683333 0.8320867 0.8320867 2 2 0
1.2666667 0.8342248 0.8342248 2 2 0
1.265 0.8361146 0.8361146 2 2 0
1.2633333 0.837751 0.837751 2 2 0
1.2616667 0.8397075 0.8397075 2 2 0
1.26 0.8417221 0.8417221 2 2 0
1.2583333 0.8434863 0.8434863 2 2 0
1.2566667 0.8449946 0.8449946 2 2 0
1.255 0.8470764 0.8470764 2 2 0
1.2533333 0.8489464 0.8489464 2 2 0
1.2516667 0.8505629 0.8505629 2 2 0
1.25 0.8522283 0.8522283 2 2 0
1.2483333 0.8541834 0.8541834 2 2 0
1.2466667 0.8558863 0.8558863 2 2 0
1.245 0.8573308 0.8573308 2 2 0
1.2433333 0.8592392 0.8592392 2 2 0
1.2416667 0.8610085 0.8610085 2 2 0
1.24 0.8625204 0.8625204 2 2 0
1.2383333 0.8641478 0.8641478 2 2 0
1.2366667 0.8659646 0.8659646 2 2 0
1.235 0.8675236 0.8675236 2 2 0
1.2333333 0.8689363 0.8689363 2 2 0
1.2316667 0.8707821 0.8707821 2 2 0
1.23 0.8723687 0.8723687 2 2 0
1.2283333 0.8736877 0.8736877 2 2 0
1.2266667 0.8754818 0.8754818 2 2 0
1.225 0.8770765 0.8770765 2 2 0
1.2233333 0.8784025 0.8784025 2 2 0
1.2216667 0.8800781 0.8800781 2 2 0
1.22 0.8816637 0.8816637 2 2 0
1.2183333 0.8829751 0.8829751 2 2 0
1.2166667 0.8845827 0.8845827 2 2 0
1.215 0.8861381 0.8861381 2 2 0
1.2133333 0.887417 0.887417 2 2 0
1.2116667 0.8889976 0.8889976 2 2 0
1.21 0.8905055 0.8905055 2 2 0
1.2083333 0.8917295 0.8917295 2 2 0
1.2066667 0.8933258 0.8933258 2 2 0
1.205 0.8947634 0.8947634 2 2 0
1.2033333 0.8959263 0.8959263 2 2 0
1.2016667 0.8975596 0.8975596 2 2 0
1.2 0.898906 0.898906 2 2 0
1.1983333 0.9001606 0.9001606 2 2 0
1.1966667 0.9016891 0.9016891 2 2 0
1.195 0.9029219 0.9029219 2 2 0
1.1933333 0.9042986 0.9042986 2 2 0
1.1916667 0.9056991 0.9056991 2 2 0
1.19 0.9067941 0.9067941 2 2 0
1.1883333 0.9083204 0.9083204 2 2 0
1.1866667 0.9095679 0.9095679 2 2 0
1.185 0.9108168 0.9108168 2 2 0
1.1833333 0.9122003 0.9122003 2 2 0
1.1816667 0.9132666 0.9132666 2 2 0
1.18 0.9147203 0.9147203 2 2 0
1.1783333 0.9159062 0.9159062 2 2 0
1.1766667 0.91715 0.91715 2 2 0
1.175 0.9184425 0.9184425 2 2 0
1.1733333 0.919512 0.919512 2 2 0
1.1716667 0.9208919 0.9208919 2 2 0
1.17 0.9219361 0.9219361 2 2 0
1.1683333 0.9232763 0.9232763 2 2 0
1.1666667 0.9243928 0.9243928 2 2 0
1.165 0.9256076 0.9256076 2 2 0
1.1633333 0.9267792 0.9267792 2 2 0
1.1616667 0.9278967 0.9278967 2 2 0
1.16 0.9291089 0.9291089 2 2 0
1.1583333 0.9301559 0.9301559 2 2 0
1.1566667 0.9313927 0.9313927 2 2 0
1.155 0.9323907 0.9323907 2 2 0
1.1533333 0.9336336 0.9336336 2 2 0
1.1516667 0.9346037 0.9346037 2 2 0
1.15 0.9358354 0.9358354 2 2 0
1.1483333 0.9367965 0.9367965 2 2 0
1.1466667 0.9379993 0.9379993 2 2 0
1.145 0.9389684 0.9389684 2 2 0
1.1433333 0.9401265 0.9401265 2 2 0
1.1416667 0.9411188 0.9411188 2 2 0
1.14 0.9422087 0.9422087 2 2 0
1.1383333 0.9432389 0.9432389 2 2 0
1.1366667 0.9442377 0.9442377 2 2 0
1.135 0.9453186 0.9453186 2 2 0
1.1333333 0.9462017 0.9462017 2 2 0
1.1316667 0.9473447 0.9473447 2 2 0
1.13 0.948244 0.948244 2 2 0
1.1283333 0.9492999 0.9492999 2 2 0
1.1266667 0.9502853 0.9502853 2 2 0
1.125 0.9511616 0.9511616 2 2 0
1.1233333 0.9522407 0.9522407 2 2 0
1.1216667 0.953131 0.953131 2 2 0
1.12 0.9540802 0.9540802 2 2 0
1.1183333 0.9550801 0.9550801 2 2 0
1.1166667 0.9559276 0.9559276 2 2 0
1.115 0.9568828 0.9568828 2 2 0
1.1133333 0.9578494 0.9578494 2 2 0
1.1116667 0.9586938 0.9586938 2 2 0
1.11 0.9595782 0.9595782 2 2 0
1.1083333 0.9605442 0.9605442 2 2 0
1.1066667 0.9614102 0.9614102 2 2 0
1.105 0.9621919 0.9621919 2 2 0
1.1033333 0.9631194 0.9631194 2 2 0
1.1016667 0.9640237 0.9640237 2 2 0
1.1 0.9648654 0.9648654 2 2 0
1.0983333 0.9656543 0.9656543 2 2 0
1.0966667 0.9664559 0.9664559 2 2 0
1.095 0.9673499 0.9673499 2 2 0
1.0933333 0.9681982 0.9681982 2 2 0
1.0916667 0.9690093 0.9690093 2 2 0
1.09 0.9698023 0.9698023 2 2 0
1.0883333 0.9705749 0.9705749 2 2 0
1.0866667 0.9713321 0.9713321 2 2 0
1.085 0.9720784 0.9720784 2 2 0
1.0833333 0.9728338 0.9728338 2 2 0
1.0816667 0.9736171 0.9736171 2 2 0
1.08 0.9743795 0.9743795 2 2 0
1.0783333 0.97512 0.97512 2 2 0
1.0766667 0.9758479 0.9758479 2 2 0
1.075 0.9765945 0.9765945 2 2 0
1.0733333 0.9773477 0.9773477 2 2 0
1.0716667 0.978088 0.978088 2 2 0
1.07 0.9788219 0.9788219 2 2 0
1.0683333 0.9795338 0.9795338 2 2 0
1.0666667 0.9802013 0.9802013 2 2 0
1.065 0.980821 0.980821 2 2 0
1.0633333 0.9815448 0.9815448 2 2 0
1.0616667 0.9822446 0.9822446 2 2 0
1.06 0.9828564 0.9828564 2 2 0
1.0583333 0.9835193 0.9835193 2 2 0
1.0566667 0.9841863 0.9841863 2 2 0
1.055 0.9847545 0.9847545 2 2 0
1.0533333 0.9854517 0.9854517 2 2 0
1.0516667 0.9860012 0.9860012 2 2 0
1.05 0.9866555 0.9866555 2 2 0
1.0483333 0.9872676 0.9872676 2 2 0
1.0466667 0.9878072 0.9878072 2 2 0
1.045 0.9883862 0.9883862 2 2 0
1.0433333 0.9889747 0.9889747 2 2 0
1.0416667 0.989568 0.989568 2 2 0
1.04 0.9901059 0.9901059 2 2 0
1.0383333 0.9906446 0.9906446 2 2 0
1.0366667 0.9911358 0.9911358 2 2 0
1.035 0.9917324 0.9917324 2 2 0
1.0333333 0.9922331 0.9922331 2 2 0
1.0316667 0.9927544 0.9927544 2 2 0
1.03 0.9931889 0.9931889 2 2 0
1.0283333 0.9937125 0.9937125 2 2 0
1.0266667 0.9941749 0.9941749 2 2 0
1.025 0.9946665 0.9946665 2 2 0
1.0233333 0.9951415 0.9951415 2 2 0
1.0216667 0.9956073 0.9956073 2 2 0
1.02 0.9959919 0.9959919 2 2 0
1.0183333 0.9964745 0.9964745 2 2 0
1.0166667 0.9968642 0.9968642 2 2 0
1.015 0.9972625 0.9972625 2 2 0
1.0133333 0.9976774 0.9976774 2 2 0
1.0116667 0.9979847 0.9979847 2 2 0
1.01 0.9985041 0.9985041 2 2 0
1.0083333 0.9988036 0.9988036 2 2 0
1.0066667 0.9989769 0.9989769 2 2 0
1.3966667 0.5 0.5 2 2 0
1.3966667 0.4798331 0.4798331 2 2 0
1.395 0.454765 0.454765 2 2 0
1.3933333 0.4401677 0.4401677 2 2 0
1.3916667 0.4292548 0.4292548 2 2 0
1.39 0.4205071 0.4205071 2 2 0
1.3883333 0.4102145 0.4102145 2 2 0
1.3866667 0.4010712 0.4010712 2 2 0
1.385 0.3932017 0.3932017 2 2 0
1.3833333 0.3863501 0.3863501 2 2 0
1.3816667 0.3803514 0.3803514 2 2 0
1.38 0.3750915 0.3750915 2 2 0
1.3783333 0.3682189 0.3682189 2 2 0
1.3766667 0.3619614 0.3619614 2 2 0
1.375 0.3563574 0.3563574 2 2 0
1.3733333 0.3513376 0.3513376 2 2 0
1.3716667 0.3468541 0.3468541 2 2 0
1.37 0.3424332 0.3424332 2 2 0
1.3683333 0.337002 0.337002 2 2 0
1.3666667 0.3320745 0.3320745 2 2 0
1.365 0.3276146 0.3276146 2 2 0
1.3633333 0.3235934 0.3235934 2 2 0
1.3616667 0.3199885 0.3199885 2 2 0
1.36 0.3156645 0.3156645 2 2 0
1.3583333 0.3111989 0.3111989 2 2 0
1.3566667 0.3071317 0.3071317 2 2 0
1.355 0.3034471 0.3034471 2 2 0
1.3533333 0.300129 0.300129 2 2 0
1.3516667 0.2967424 0.2967424 2 2 0
1.35 0.2926386 0.2926386 2 2 0
1.3483333 0.2888873 0.2888873 2 2 0
1.3466667 0.2854802 0.2854802 2 2 0
1.345 0.2824063 0.2824063 2 2 0
1.3433333 0.2795788 0.2795788 2 2 0
1.3416667 0.2757824 0.2757824 2 2 0
1.34 0.2723085 0.2723085 2 2 0
1.3383333 0.2691494 0.2691494 2 2 0
1.3366667 0.2663008 0.2663008 2 2 0
1.335 0.2637572 0.2637572 2 2 0
1.3333333 0.2602554 0.2602554 2 2 0
1.3316667 0.2570373 0.2570373 2 2 0
1.33 0.2541154 0.2541154 2 2 0
1.3283333 0.251486 0.251486 2 2 0
1.3266667 0.249065 0.249065 2 2 0
1.325 0.2458133 0.2458133 2 2 0
1.3233333 0.242844 0.242844 2 2 0
1.3216667 0.2401556 0.2401556 2 2 0
1.32 0.2377469 0.2377469 2 2 0
1.3183333 0.2352879 0.2352879 2 2 0
1.3166667 0.2322954 0.2322954 2 2 0
1.315 0.2295739 0.2295739 2 2 0
1.3133333 0.2271227 0.2271227 2 2 0
1.3116667 0.2249423 0.2249423 2 2 0
1.31 0.2223271 0.2223271 2 2 0
1.3083333 0.2195956 0.2195956 2 2 0
1.3066667 0.2171267 0.2171267 2 2 0
1.305 0.214922 0.214922 2 2 0
1.3033333 0.2128324 0.2128324 2 2 0
1.3016667 0.2101121 0.2101121 2 2 0
1.3 0.2076486 0.2076486 2 2 0
1.2983333 0.2054432 0.2054432 2 2 0
1.2966667 0.2034979 0.2034979 2 2 0
1.295 0.2010421 0.2010421 2 2 0
1.2933333 0.1986047 0.1986047 2 2 0
1.2916667 0.1964208 0.1964208 2 2 0
1.29 0.1944933 0.1944933 2 2 0
1.2883333 0.1923249 0.1923249 2 2 0
1.2866667 0.1899331 0.1899331 2 2 0
1.285 0.1877921 0.1877921 2 2 0
1.2833333 0.1859047 0.1859047 2 2 0
1.2816667 0.1839158 0.1839158 2 2 0
1.28 0.1815896 0.1815896 2 2 0
1.2783333 0.1795119 0.1795119 2 2 0
1.2766667 0.1776865 0.1776865 2 2 0
1.275 0.1757849 0.1757849 2 2 0
1.2733333 0.1735431 0.1735431 2 2 0
1.2716667 0.1715491 0.1715491 2 2 0
1.27 0.1698072 0.1698072 2 2 0
1.2683333 0.1679133 0.1679133 2 2 0
1.2666667 0.1657752 0.1657752 2 2 0
1.265 0.1638854 0.1638854 2 2 0
1.2633333 0.162249 0.162249 2 2 0
1.2616667 0.1602925 0.1602925 2 2 0
1.26 0.1582779 0.1582779 2 2 0
1.2583333 0.1565137 0.1565137 2 2 0
1.2566667 0.1550054 0.1550054 2 2 0
1.255 0.1529236 0.1529236 2 2 0
1.2533333 0.1510536 0.1510536 2 2 0
1.2516667 0.1494371 0.1494371 2 2 0
1.25 0.1477717 0.1477717 2 2 0
1.2483333 0.1458166 0.1458166 2 2 0
1.2466667 0.1441137 0.1441137 2 2 0
1.245 0.1426692 0.1426692 2 2 0
1.2433333 0.1407608 0.1407608 2 2 0
1.2416667 0.1389915 0.1389915 2 2 0
1.24 0.1374796 0.1374796 2 2 0
1.2383333 0.1358522 0.1358522 2 2 0
1.2366667 0.1340354 0.1340354 2 2 0
1.235 0.1324764 0.1324764 2 2 0
1.2333333 0.1310637 0.1310637 2 2 0
1.2316667 0.1292179 0.1292179 2 2 0
1.23 0.1276313 0.1276313 2 2 0
1.2283333 0.1263123 0.1263123 2 2 0
1.2266667 0.1245182 0.1245182 2 2 0
1.225 0.1229235 0.1229235 2 2 0
1.2233333 0.1215975 0.1215975 2 2 0
1.2216667 0.1199219 0.1199219 2 2 0
1.22 0.1183363 0.1183363 2 2 0
1.2183333 0.1170249 0.1170249 2 2 0
1.2166667 0.1154173 0.1154173 2 2 0
1.215 0.1138619 0.1138619 2 2 0
1.2133333 0.112583 0.112583 2 2 0
1.2116667 0.1110024 0.1110024 2 2 0
1.21 0.1094945 0.1094945 2 2 0
1.2083333 0.1082705 0.1082705 2 2 0
1.2066667 0.1066742 0.1066742 2 2 0
1.205 0.1052366 0.1052366 2 2 0
1.2033333 0.1040737 0.1040737 2 2 0
1.2016667 0.1024404 0.1024404 2 2 0
1.2 0.101094 0.101094 2 2 0
1.1983333 0.0998394 0.0998394 2 2 0
1.1966667 0.0983109 0.0983109 2 2 0
1.195 0.0970781 0.0970781 2 2 0
1.1933333 0.0957014 0.0957014 2 2 0
1.1916667 0.0943009 0.0943009 2 2 0
1.19 0.0932059 0.0932059 2 2 0
1.1883333 0.0916796 0.0916796 2 2 0
1.1866667 0.0904321 0.0904321 2 2 0
1.185 0.0891832 0.0891832 2 2 0
1.1833333 0.0877997 0.0877997 2 2 0
1.1816667 0.0867334 0.0867334 2 2 0
1.18 0.0852797 0.0852797 2 2 0
1.1783333 0.0840938 0.0840938 2 2 0
1.1766667 0.08285 0.08285 2 2 0
1.175 0.0815575 0.0815575 2 2 0
1.1733333 0.080488 0.080488 2 2 0
1.1716667 0.0791081 0.0791081 2 2 0
1.17 0.0780639 0.0780639 2 2 0
1.1683333 0.0767237 0.0767237 2 2 0
1.1666667 0.0756072 0.0756072 2 2 0
1.165 0.0743924 0.0743924 2 2 0
1.1633333 0.0732208 0.0732208 2 2 0
1.1616667 0.0721033 0.0721033 2 2 0
1.16 0.0708911 0.0708911 2 2 0
1.1583333 0.0698441 0.0698441 2 2 0
1.1566667 0.0686073 0.0686073 2 2 0
1.155 0.0676093 0.0676093 2 2 0
1.1533333 0.0663664 0.0663664 2 2 0
1.1516667 0.0653963 0.0653963 2 2 0
1.15 0.0641646 0.0641646 2 2 0
1.1483333 0.0632035 0.0632035 2 2 0
1.1466667 0.0620007 0.0620007 2 2 0
1.145 0.0610316 0.0610316 2 2 0
1.1433333 0.0598735 0.0598735 2 2 0
1.1416667 0.0588812 0.0588812 2 2 0
1.14 0.0577913 0.0577913 2 2 0
1.1383333 0.0567611 0.0567611 2 2 0
1.1366667 0.0557623 0.0557623 2 2 0
1.135 0.0546814 0.0546814 2 2 0
1.1333333 0.0537983 0.0537983 2 2 0
1.1316667 0.0526553 0.0526553 2 2 0
1.13 0.051756 0.051756 2 2 0
1.1283333 0.0507001 0.0507001 2 2 0
1.1266667 0.0497147 0.0497147 2 2 0
1.125 0.0488384 0.0488384 2 2 0
1.1233333 0.0477593 0.0477593 2 2 0
1.1216667 0.046869 0.046869 2 2 0
1.12 0.0459198 0.0459198 2 2 0
1.1183333 0.0449199 0.0449199 2 2 0
1.1166667 0.0440724 0.0440724 2 2 0
1.115 0.0431172 0.0431172 2 2 0
1.1133333 0.0421506 0.0421506 2 2 0
1.1116667 0.0413062 0.0413062 2 2 0
1.11 0.0404218 0.0404218 2 2 0
1.1083333 0.0394558 0.0394558 2 2 0
1.1066667 0.0385898 0.0385898 2 2 0
1.105 0.0378081 0.0378081 2 2 0
1.1033333 0.0368806 0.0368806 2 2 0
1.1016667 0.0359763 0.0359763 2 2 0
1.1 0.0351346 0.0351346 2 2 0
1.0983333 0.0343457 0.0343457 2 2 0
1.0966667 0.0335441 0.0335441 2 2 0
1.095 0.0326501 0.0326501 2 2 0
1.0933333 0.0318018 0.0318018 2 2 0
1.0916667 0.0309907 0.0309907 2 2 0
1.09 0.0301977 0.0301977 2 2 0
1.0883333 0.0294251 0.0294251 2 2 0
1.0866667 0.0286679 0.0286679 2 2 0
1.085 0.0279216 0.0279216 2 2 0
1.0833333 0.0271662 0.0271662 2 2 0
1.0816667 0.0263829 0.0263829 2 2 0
1.08 0.0256205 0.0256205 2 2 0
1.0783333 0.02488 0.02488 2 2 0
1.0766667 0.0241521 0.0241521 2 2 0
1.075 0.0234055 0.0234055 2 2 0
1.0733333 0.0226523 0.0226523 2 2 0
1.0716667 0.021912 0.021912 2 2 0
1.07 0.0211781 0.0211781 2 2 0
1.0683333 0.0204662 0.0204662 2 2 0
1.0666667 0.0197987 0.0197987 2 2 0
1.065 0.019179 0.019179 2 2 0
1.0633333 0.0184552 0.0184552 2 2 0
1.0616667 0.0177554 0.0177554 2 2 0
1.06 0.0171436 0.0171436 2 2 0
1.0583333 0.0164807 0.0164807 2 2 0
1.0566667 0.0158137 0.0158137 2 2 0
1.055 0.0152455 0.0152455 2 2 0
1.0533333 0.0145483 0.0145483 2 2 0
1.0516667 0.0139988 0.0139988 2 2 0
1.05 0.0133445 0.0133445 2 2 0
1.0483333 0.0127324 0.0127324 2 2 0
1.0466667 0.0121928 0.0121928 2 2 0
1.045 0.0116138 0.0116138 2 2 0
1.0433333 0.0110253 0.0110253 2 2 0
1.0416667 0.010432 0.010432 2 2 0
1.04 0.0098941 0.0098941 2 2 0
1.0383333 0.0093554 0.0093554 2 2 0
1.0366667 0.0088642 0.0088642 2 2 0
1.035 0.0082676 0.0082676 2 2 0
1.0333333 0.0077669 0.0077669 2 2 0
1.0316667 0.0072456 0.0072456 2 2 0
1.03 0.0068111 0.0068111 2 2 0
1.0283333 0.0062875 0.0062875 2 2 0
1.0266667 0.0058251 0.0058251 2 2 0
1.025 0.0053335 0.0053335 2 2 0
1.0233333 0.0048585 0.0048585 2 2 0
1.0216667 0.0043927 0.0043927 2 2 0
1.02 0.0040081 0.0040081 2 2 0
1.0183333 0.0035255 0.0035255 2 2 0
1.0166667 0.0031358 0.0031358 2 2 0
1.015 0.0027375 0.0027375 2 2 0
1.0133333 0.0023226 0.0023226 2 2 0
1.0116667 0.0020153 0.0020153 2 2 0
1.01 0.0014959 0.0014959 2 2 0
1.0083333 0.0011964 0.0011964 2 2 0
1.0066667 0.0010231 0.0010231 2 2 0
