2.0 0.5 0.5 2 1 0
1.9964154 0.5 0.5 2 1 0
1.9928308 0.5 0.5 2 1 0
1.9892462 0.5 0.5 2 1 0
1.9856616 0.5 0.5 2 1 0
1.9820771 0.5 0.5 2 1 0
1.9784925 0.5 0.5 2 1 0
1.9749079 0.5 0.5 2 1 0
1.9713233 0.5 0.5 2 1 0
1.9677387 0.5 0.5 2 1 0
1.9641541 0.5 0.5 2 1 0
1.9605695 0.5 0.5 2 1 0
1.9569849 0.5 0.5 2 1 0
1.9534003 0.5 0.5 2 1 0
1.9498157 0.5 0.5 2 1 0
1.9462312 0.5 0.5 2 1 0
1.9426466 0.5 0.5 2 1 0
1.939062 0.5 0.5 2 1 0
1.9354774 0.5 0.5 2 1 0
1.9318928 0.5 0.5 2 1 0
1.9283082 0.5 0.5 2 1 0
1.9247236 0.5 0.5 2 1 0
1.921139 0.5 0.5 2 1 0
1.9175544 0.5 0.5 2 1 0
1.9139699 0.5 0.5 2 1 0
1.9103853 0.5 0.5 2 1 0
1.9068007 0.5 0.5 2 1 0
1.9032161 0.5 0.5 2 1 0
1.8996315 0.5 0.5 2 1 0
1.8960469 0.5 0.5 2 1 0
1.8924623 0.5 0.5 2 1 0
1.8888777 0.5 0.5 2 1 0
1.8852931 0.5 0.5 2 1 0
1.8817085 0.5 0.5 2 1 0
1.878124 0.5 0.5 2 1 0
1.8745394 0.5 0.5 2 1 0
1.8709548 0.5 0.5 2 1 0
1.8673702 0.5 0.5 2 1 0
1.8637856 0.5 0.5 2 1 0
1.860201 0.5 0.5 2 1 0
1.8566164 0.5 0.5 2 1 0
1.8530318 0.5 0.5 2 1 0
1.8494472 0.5 0.5 2 1 0
1.8458627 0.5 0.5 2 1 0
1.8422781 0.5 0.5 2 1 0
1.8386935 0.5 0.5 2 1 0
1.8351089 0.5 0.5 2 1 0
1.8315243 0.5 0.5 2 1 0
1.8279397 0.5 0.5 2 1 0
1.8243551 0.5 0.5 2 1 0
1.8207705 0.5 0.5 2 1 0
1.8171859 0.5 0.5 2 1 0
1.8136013 0.5 0.5 2 1 0
1.8100168 0.5 0.5 2 1 0
1.8064322 0.5 0.5 2 1 0
1.8028476 0.5 0.5 2 1 0
1.799263 0.5 0.5 2 1 0
1.7956784 0.5 0.5 2 1 0
1.7920938 0.5 0.5 2 1 0
1.7885092 0.5 0.5 2 1 0
1.7849246 0.5 0.5 2 1 0
1.78134 0.5 0.5 2 1 0
1.7777555 0.5 0.5 2 1 0
1.7741709 0.5 0.5 2 1 0
1.7705863 0.5 0.5 2 1 0
1.7670017 0.5 0.5 2 1 0
1.7634171 0.5 0.5 2 1 0
1.7598325 0.5 0.5 2 1 0
1.7562479 0.5 0.5 2 1 0
1.7526633 0.5 0.5 2 1 0
1.7490787 0.5 0.5 2 1 0
1.7454941 0.5 0.5 2 1 0
1.7419096 0.5 0.5 2 1 0
1.738325 0.5 0.5 2 1 0
1.7347404 0.5 0.5 2 1 0
1.7311558 0.5 0.5 2 1 0
1.7275712 0.5 0.5 2 1 0
1.7239866 0.5 0.5 2 1 0
1.720402 0.5 0.5 2 1 0
1.7168174 0.5 0.5 2 1 0
1.7132328 0.5 0.5 2 1 0
1.7096483 0.5 0.5 2 1 0
1.7060637 0.5 0.5 2 1 0
1.7024791 0.5 0.5 2 1 0
1.6988945 0.5 0.5 2 1 0
1.6953099 0.5 0.5 2 1 0
1.6917253 0.5 0.5 2 1 0
1.6881407 0.5 0.5 2 1 0
1.6845561 0.5 0.5 2 1 0
1.6809715 0.5 0.5 2 1 0
1.6773869 0.5 0.5 2 1 0
1.6738024 0.5 0.5 2 1 0
1.6702178 0.5 0.5 2 1 0
1.6666332 0.5 0.5 2 1 0
1.6630486 0.5 0.5 2 1 0
1.659464 0.5 0.5 2 1 0
1.6558794 0.5 0.5 2 1 0
1.6522948 0.5 0.5 2 1 0
1.6487102 0.5 0.5 2 1 0
1.6451256 0.5 0.5 2 1 0
1.6415411 0.5 0.5 2 1 0
1.6379565 0.5 0.5 2 1 0
1.6343719 0.5 0.5 2 1 0
1.6307873 0.5 0.5 2 1 0
1.6272027 0.5 0.5 2 1 0
1.6236181 0.5 0.5 2 1 0
1.6200335 0.5 0.5 2 1 0
1.6164489 0.5 0.5 2 1 0
1.6128643 0.5 0.5 2 1 0
1.6092798 0.5 0.5 2 1 0
1.6056952 0.5 0.5 2 1 0
1.6021106 0.5 0.5 2 1 0
1.598526 0.5 0.5 2 1 0
1.5949414 0.5 0.5 2 1 0
1.5913568 0.5 0.5 2 1 0
1.5877722 0.5 0.5 2 1 0
1.5841876 0.5 0.5 2 1 0
1.580603 0.5 0.5 2 1 0
1.5770184 0.5 0.5 2 1 0
1.5734339 0.5 0.5 2 1 0
1.5698493 0.5 0.5 2 1 0
1.5662647 0.5 0.5 2 1 0
1.5626801 0.5 0.5 2 1 0
1.5590955 0.5 0.5 2 1 0
1.5555109 0.5 0.5 2 1 0
1.5519263 0.5 0.5 2 1 0
1.5483417 0.5 0.5 2 1 0
1.5447571 0.5 0.5 2 1 0
1.5411726 0.5 0.5 2 1 0
1.537588 0.5 0.5 2 1 0
1.5340034 0.5 0.5 2 1 0
1.5304188 0.5 0.5 2 1 0
1.5268342 0.5 0.5 2 1 0
1.5232496 0.5 0.5 2 1 0
1.519665 0.5 0.5 2 1 0
1.5160804 0.5 0.5 2 1 0
1.5124958 0.5 0.5 2 1 0
1.5089112 0.5 0.5 2 1 0
1.5053267 0.5 0.5 2 1 0
1.5017421 0.5 0.5 2 1 0
1.4981575 0.5 0.5 2 1 0
1.4945729 0.5 0.5 2 1 0
1.4909883 0.5 0.5 2 1 0
1.4874037 0.5 0.5 2 1 0
1.4838191 0.5 0.5 2 1 0
1.4802345 0.5 0.5 2 1 0
1.4766499 0.5 0.5 2 1 0
1.4730654 0.5 0.5 2 1 0
1.4694808 0.5 0.5 2 1 0
1.4658962 0.5 0.5 2 1 0
1.4623116 0.5 0.5 2 1 0
1.458727 0.5 0.5 2 1 0
1.4551424 0.5 0.5 2 1 0
1.4515578 0.5 0.5 2 1 0
1.4479732 0.5 0.5 2 1 0
1.4443886 0.5 0.5 2 1 0
1.440804 0.5 0.5 2 1 0
1.4372195 0.5 0.5 2 1 0
1.4336349 0.5 0.5 2 1 0
1.4300503 0.5 0.5 2 1 0
1.4264657 0.5 0.5 2 1 0
1.4228811 0.5 0.5 2 1 0
1.4192965 0.5 0.5 2 1 0
1.4157119 0.5 0.5 2 1 0
1.4121273 0.5 0.5 2 1 0
1.4085427 0.5 0.5 2 1 0
1.4049582 0.5 0.5 2 1 0
1.4013736 0.5 0.5 2 1 0
1.397789 0.5 0.5 2 1 0
1.3942044 0.5 0.5 2 1 0
1.3906198 0.5 0.5 2 1 0
1.3870352 0.5 0.5 2 1 0
1.3834506 0.5 0.5 2 1 0
1.379866 0.5 0.5 2 1 0
1.3762814 0.5 0.5 2 1 0
1.3726968 0.5 0.5 2 1 0
1.3691123 0.5 0.5 2 1 0
1.3655277 0.5 0.5 2 1 0
1.3619431 0.5 0.5 2 1 0
1.3583585 0.5 0.5 2 1 0
1.3547739 0.5 0.5 2 1 0
1.3511893 0.5 0.5 2 1 0
1.3476047 0.5 0.5 2 1 0
1.3440201 0.5 0.5 2 1 0
1.3404355 0.5 0.5 2 1 0
1.336851 0.5 0.5 2 1 0
1.3332664 0.5 0.5 2 1 0
1.3296818 0.5 0.5 2 1 0
1.3260972 0.5 0.5 2 1 0
1.3225126 0.5 0.5 2 1 0
1.318928 0.5 0.5 2 1 0
1.3153434 0.5 0.5 2 1 0
1.3117588 0.5 0.5 2 1 0
1.3081742 0.5 0.5 2 1 0
1.3045896 0.5 0.5 2 1 0
1.3010051 0.5 0.5 2 1 0
1.2974205 0.5 0.5 2 1 0
1.2938359 0.5 0.5 2 1 0
1.2902513 0.5 0.5 2 1 0
1.2866667 0.5 0.5 2 1 0
1.2866667 0.5 0.5 1 2 0
1.285 0.5 0.5 1 2 0
1.2833333 0.5 0.5 1 2 0
1.2816667 0.5 0.5 1 2 0
1.28 0.5 0.5 1 2 0
1.2783333 0.5 0.5 1 2 0
1.2766667 0.5 0.5 1 2 0
1.275 0.5 0.5 1 2 0
1.2733333 0.5 0.5 1 2 0
1.2716667 0.5 0.5 1 2 0
1.27 0.5 0.5 1 2 0
1.2683333 0.5 0.5 1 2 0
1.2666667 0.5 0.5 1 2 0
1.265 0.5 0.5 1 2 0
1.2633333 0.5 0.5 1 2 0
1.2616667 0.5 0.5 1 2 0
1.26 0.5 0.5 1 2 0
1.2583333 0.5 0.5 1 2 0
1.2566667 0.5 0.5 1 2 0
1.255 0.5 0.5 1 2 0
1.2533333 0.5 0.5 1 2 0
1.2516667 0.5 0.5 1 2 0
1.25 0.5 0.5 1 2 0
1.2483333 0.5 0.5 1 2 0
1.2466667 0.5 0.5 1 2 0
1.245 0.5 0.5 1 2 0
1.2433333 0.5 0.5 1 2 0
1.2416667 0.5 0.5 1 2 0
1.24 0.5 0.5 1 2 0
1.2383333 0.5 0.5 1 2 0
1.2366667 0.5 0.5 1 2 0
1.235 0.5 0.5 1 2 0
1.2333333 0.5 0.5 1 2 0
1.2316667 0.5 0.5 1 2 0
1.23 0.5 0.5 1 2 0
1.2283333 0.5 0.5 1 2 0
1.2266667 0.5 0.5 1 2 0
1.225 0.5 0.5 1 2 0
1.2233333 0.5 0.5 1 2 0
1.2216667 0.5 0.5 1 2 0
1.22 0.5 0.5 1 2 0
1.2183333 0.5 0.5 1 2 0
1.2166667 0.5 0.5 1 2 0
1.215 0.5 0.5 1 2 0
1.2133333 0.5 0.5 1 2 0
1.2116667 0.5 0.5 1 2 0
1.21 0.5 0.5 1 2 0
1.2083333 0.5 0.5 1 2 0
1.2066667 0.5 0.5 1 2 0
1.205 0.5 0.5 1 2 0
1.2033333 0.5 0.5 1 2 0
1.2016667 0.5 0.5 1 2 0
1.2 0.5 0.5 1 2 0
1.1983333 0.5 0.5 1 2 0
1.1966667 0.5 0.5 1 2 0
1.195 0.5 0.5 1 2 0
1.1933333 0.5 0.5 1 2 0
1.1916667 0.5 0.5 1 2 0
1.19 0.5 0.5 1 2 0
1.1883333 0.5 0.5 1 2 0
1.1866667 0.5 0.5 1 2 0
1.185 0.5 0.5 1 2 0
1.1833333 0.5 0.5 1 2 0
1.1816667 0.5 0.5 1 2 0
1.18 0.5 0.5 1 2 0
1.1783333 0.5 0.5 1 2 0
1.1766667 0.5 0.5 1 2 0
1.175 0.5 0.5 1 2 0
1.1733333 0.5 0.5 1 2 0
1.1716667 0.5 0.5 1 2 0
1.17 0.5 0.5 1 2 0
1.1683333 0.5 0.5 1 2 0
1.1666667 0.5 0.5 1 2 0
1.165 0.5 0.5 1 2 0
1.1633333 0.5 0.5 1 2 0
1.1616667 0.5 0.5 1 2 0
1.16 0.5 0.5 1 2 0
1.1583333 0.5 0.5 1 2 0
1.1566667 0.5 0.5 1 2 0
1.155 0.5 0.5 1 2 0
1.1533333 0.5 0.5 1 2 0
1.1516667 0.5 0.5 1 2 0
1.15 0.5 0.5 1 2 0
1.1483333 0.5 0.5 1 2 0
1.1466667 0.5 0.5 1 2 0
1.145 0.5 0.5 1 2 0
1.1433333 0.5 0.5 1 2 0
1.1416667 0.5 0.5 1 2 0
1.14 0.5 0.5 1 2 0
1.1383333 0.5 0.5 1 2 0
1.1366667 0.5 0.5 1 2 0
1.135 0.5 0.5 1 2 0
1.1333333 0.5 0.5 1 2 0
1.1316667 0.5 0.5 1 2 0
1.13 0.5 0.5 1 2 0
1.1283333 0.5 0.5 1 2 0
1.1266667 0.5 0.5 1 2 0
1.125 0.5 0.5 1 2 0
1.1233333 0.5 0.5 1 2 0
1.1216667 0.5 0.5 1 2 0
1.12 0.5 0.5 1 2 0
1.1183333 0.5 0.5 1 2 0
1.1166667 0.5 0.5 1 2 0
1.115 0.5 0.5 1 2 0
1.1133333 0.5 0.5 1 2 0
1.1116667 0.5 0.5 1 2 0
1.11 0.5 0.5 1 2 0
1.1083333 0.5 0.5 1 2 0
1.1066667 0.5 0.5 1 2 0
1.105 0.5 0.5 1 2 0
1.1033333 0.5 0.5 1 2 0
1.1016667 0.5 0.5 1 2 0
1.1 0.5 0.5 1 2 0
1.0983333 0.5 0.5 1 2 0
1.0966667 0.5 0.5 1 2 0
1.095 0.5 0.5 1 2 0
1.0933333 0.5 0.5 1 2 0
1.0916667 0.5 0.5 1 2 0
1.09 0.5 0.5 1 2 0
1.0883333 0.5 0.5 1 2 0
1.0866667 0.5 0.5 1 2 0
1.085 0.5 0.5 1 2 0
1.0833333 0.5 0.5 1 2 0
1.0816667 0.5 0.5 1 2 0
1.08 0.5 0.5 1 2 0
1.0783333 0.5 0.5 1 2 0
1.0766667 0.5 0.5 1 2 0
1.075 0.5 0.5 1 2 0
1.0733333 0.5 0.5 1 2 0
1.0716667 0.5 0.5 1 2 0
1.07 0.5 0.5 1 2 0
1.0683333 0.5 0.5 1 2 0
1.0666667 0.5 0.5 1 2 0
1.065 0.5 0.5 1 2 0
1.0633333 0.5 0.5 1 2 0
1.0616667 0.5 0.5 1 2 0
1.06 0.5 0.5 1 2 0
1.0583333 0.5 0.5 1 2 0
1.0566667 0.5 0.5 1 2 0
1.055 0.5 0.5 1 2 0
1.0533333 0.5 0.5 1 2 0
1.0516667 0.5 0.5 1 2 0
1.05 0.5 0.5 1 2 0
1.0483333 0.5 0.5 1 2 0
1.0466667 0.5 0.5 1 2 0
1.045 0.5 0.5 1 2 0
1.0433333 0.5 0.5 1 2 0
1.0416667 0.5 0.5 1 2 0
1.04 0.5 0.5 1 2 0
1.0383333 0.5 0.5 1 2 0
1.0366667 0.5 0.5 1 2 0
1.035 0.5 0.5 1 2 0
1.0333333 0.5 0.5 1 2 0
1.0316667 0.5 0.5 1 2 0
1.03 0.5 0.5 1 2 0
1.0283333 0.5 0.5 1 2 0
1.0266667 0.5 0.5 1 2 0
1.025 0.5 0.5 1 2 0
1.0233333 0.5 0.5 1 2 0
1.0216667 0.5 0.5 1 2 0
1.02 0.5 0.5 1 2 0
1.0183333 0.5 0.5 1 2 0
1.0166667 0.5 0.5 1 2 0
1.015 0.5 0.5 1 2 0
1.0133333 0.5 0.5 1 2 0
1.0116667 0.5 0.5 1 2 0
1.01 0.5 0.5 1 2 0
1.2866667 0.5 0.5 2 2 0
1.2866667 0.5295029 0.5295029 2 2 0
1.285 0.5490917 0.5490917 2 2 0
1.2833333 0.5627339 0.5627339 2 2 0
1.2816667 0.5725959 0.5725959 2 2 0
1.28 0.5800807 0.5800807 2 2 0
1.2783333 0.5883714 0.5883714 2 2 0
1.2766667 0.5967152 0.5967152 2 2 0
1.275 0.6034698 0.6034698 2 2 0
1.2733333 0.6089289 0.6089289 2 2 0
1.2716667 0.6148977 0.6148977 2 2 0
1.27 0.6214112 0.6214112 2 2 0
1.2683333 0.6268375 0.6268375 2 2 0
1.2666667 0.6313009 0.6313009 2 2 0
1.265 0.6363282 0.6363282 2 2 0
1.2633333 0.6417681 0.6417681 2 2 0
1.2616667 0.6463444 0.6463444 2 2 0
1.26 0.6501334 0.6501334 2 2 0
1.2583333 0.6547771 0.6547771 2 2 0
1.2566667 0.659435 0.659435 2 2 0
1.255 0.6633643 0.6633643 2 2 0
1.2533333 0.6666109 0.6666109 2 2 0
1.2516667 0.6711695 0.6711695 2 2 0
1.25 0.6751919 0.6751919 2 2 0
1.2483333 0.6785726 0.6785726 2 2 0
1.2466667 0.681923 0.681923 2 2 0
1.245 0.6859966 0.6859966 2 2 0
1.2433333 0.6894607 0.6894607 2 2 0
1.2416667 0.6923485 0.6923485 2 2 0
1.24 0.6960331 0.6960331 2 2 0
1.2383333 0.6995387 0.6995387 2 2 0
1.2366667 0.7024943 0.7024943 2 2 0
1.235 0.7054799 0.7054799 2 2 0
1.2333333 0.708992 0.708992 2 2 0
1.2316667 0.7119739 0.7119739 2 2 0
1.23 0.7144661 0.7144661 2 2 0
1.2283333 0.717947 0.717947 2 2 0
1.2266667 0.7209189 0.7209189 2 2 0
1.225 0.7233985 0.7233985 2 2 0
1.2233333 0.7264976 0.7264976 2 2 0
1.2216667 0.7294273 0.7294273 2 2 0
1.22 0.7318839 0.7318839 2 2 0
1.2183333 0.7347122 0.7347122 2 2 0
1.2166667 0.7375703 0.7375703 2 2 0
1.215 0.7399716 0.7399716 2 2 0
1.2133333 0.742634 0.742634 2 2 0
1.2116667 0.7453947 0.7453947 2 2 0
1.21 0.7477115 0.7477115 2 2 0
1.2083333 0.7502935 0.7502935 2 2 0
1.2066667 0.7529337 0.7529337 2 2 0
1.205 0.7551413 0.7551413 2 2 0
1.2033333 0.7577076 0.7577076 2 2 0
1.2016667 0.760204 0.760204 2 2 0
1.2 0.7622799 0.7622799 2 2 0
1.1983333 0.764885 0.764885 2 2 0
1.1966667 0.7672173 0.7672173 2 2 0
1.195 0.7692681 0.7692681 2 2 0
1.1933333 0.7718245 0.7718245 2 2 0
1.1916667 0.7739755 0.7739755 2 2 0
1.19 0.7761741 0.7761741 2 2 0
1.1883333 0.7785201 0.7785201 2 2 0
1.1866667 0.7804703 0.7804703 2 2 0
1.185 0.7828407 0.7828407 2 2 0
1.1833333 0.7849626 0.7849626 2 2 0
1.1816667 0.7869864 0.7869864 2 2 0
1.18 0.7892512 0.7892512 2 2 0
1.1783333 0.7911324 0.7911324 2 2 0
1.1766667 0.7933823 0.7933823 2 2 0
1.175 0.7953858 0.7953858 2 2 0
1.1733333 0.7973912 0.7973912 2 2 0
1.1716667 0.7994934 0.7994934 2 2 0
1.17 0.8013062 0.8013062 2 2 0
1.1683333 0.8034848 0.8034848 2 2 0
1.1666667 0.8052918 0.8052918 2 2 0
1.165 0.8073839 0.8073839 2 2 0
1.1633333 0.8092494 0.8092494 2 2 0
1.1616667 0.8112095 0.8112095 2 2 0
1.16 0.8131135 0.8131135 2 2 0
1.1583333 0.8149754 0.8149754 2 2 0
1.1566667 0.8168984 0.8168984 2 2 0
1.155 0.8186898 0.8186898 2 2 0
1.1533333 0.8206145 0.8206145 2 2 0
1.1516667 0.8223614 0.8223614 2 2 0
1.15 0.8242707 0.8242707 2 2 0
1.1483333 0.825994 0.825994 2 2 0
1.1466667 0.8278706 0.8278706 2 2 0
1.145 0.8295847 0.8295847 2 2 0
1.1433333 0.8314142 0.8314142 2 2 0
1.1416667 0.8331359 0.8331359 2 2 0
1.14 0.8349026 0.8349026 2 2 0
1.1383333 0.8366406 0.8366406 2 2 0
1.1366667 0.8383298 0.8383298 2 2 0
1.135 0.8400955 0.8400955 2 2 0
1.1333333 0.8416923 0.8416923 2 2 0
1.1316667 0.8434904 0.8434904 2 2 0
1.13 0.8450966 0.8450966 2 2 0
1.1283333 0.8468187 0.8468187 2 2 0
1.1266667 0.8484778 0.8484778 2 2 0
1.125 0.8500685 0.8500685 2 2 0
1.1233333 0.8517826 0.8517826 2 2 0
1.1216667 0.8533611 0.8533611 2 2 0
1.12 0.8549969 0.8549969 2 2 0
1.1183333 0.8566393 0.8566393 2 2 0
1.1166667 0.8581788 0.8581788 2 2 0
1.115 0.8598093 0.8598093 2 2 0
1.1133333 0.8614163 0.8614163 2 2 0
1.1116667 0.8629446 0.8629446 2 2 0
1.11 0.8645231 0.8645231 2 2 0
1.1083333 0.8661181 0.8661181 2 2 0
1.1066667 0.8676504 0.8676504 2 2 0
1.105 0.8691351 0.8691351 2 2 0
1.1033333 0.8707285 0.8707285 2 2 0
1.1016667 0.8722743 0.8722743 2 2 0
1.1 0.873782 0.873782 2 2 0
1.0983333 0.87526 0.87526 2 2 0
1.0966667 0.8767765 0.8767765 2 2 0
1.095 0.8783039 0.8783039 2 2 0
1.0933333 0.8798072 0.8798072 2 2 0
1.0916667 0.8812913 0.8812913 2 2 0
1.09 0.8827619 0.8827619 2 2 0
1.0883333 0.8842227 0.8842227 2 2 0
1.0866667 0.8856768 0.8856768 2 2 0
1.085 0.8871352 0.8871352 2 2 0
1.2866667 0.5 0.5 2 2 0
1.2866667 0.4704971 0.4704971 2 2 0
1.285 0.4509083 0.4509083 2 2 0
1.2833333 0.4372661 0.4372661 2 2 0
1.2816667 0.4274041 0.4274041 2 2 0
1.28 0.4199193 0.4199193 2 2 0
1.2783333 0.4116286 0.4116286 2 2 0
1.2766667 0.4032848 0.4032848 2 2 0
1.275 0.3965302 0.3965302 2 2 0
1.2733333 0.3910711 0.3910711 2 2 0
1.2716667 0.3851023 0.3851023 2 2 0
1.27 0.3785888 0.3785888 2 2 0
1.2683333 0.3731625 0.3731625 2 2 0
1.2666667 0.3686991 0.3686991 2 2 0
1.265 0.3636718 0.3636718 2 2 0
1.2633333 0.3582319 0.3582319 2 2 0
1.2616667 0.3536556 0.3536556 2 2 0
1.26 0.3498666 0.3498666 2 2 0
1.2583333 0.3452229 0.3452229 2 2 0
1.2566667 0.340565 0.340565 2 2 0
1.255 0.3366357 0.3366357 2 2 0
1.2533333 0.3333891 0.3333891 2 2 0
1.2516667 0.3288305 0.3288305 2 2 0
1.25 0.3248081 0.3248081 2 2 0
1.2483333 0.3214274 0.3214274 2 2 0
1.2466667 0.318077 0.318077 2 2 0
1.245 0.3140034 0.3140034 2 2 0
1.2433333 0.3105393 0.3105393 2 2 0
1.2416667 0.3076515 0.3076515 2 2 0
1.24 0.3039669 0.3039669 2 2 0
1.2383333 0.3004613 0.3004613 2 2 0
1.2366667 0.2975057 0.2975057 2 2 0
1.235 0.2945201 0.2945201 2 2 0
1.2333333 0.291008 0.291008 2 2 0
1.2316667 0.2880261 0.2880261 2 2 0
1.23 0.2855339 0.2855339 2 2 0
1.2283333 0.282053 0.282053 2 2 0
1.2266667 0.2790811 0.2790811 2 2 0
1.225 0.2766015 0.2766015 2 2 0
1.2233333 0.2735024 0.2735024 2 2 0
1.2216667 0.2705727 0.2705727 2 2 0
1.22 0.2681161 0.2681161 2 2 0
1.2183333 0.2652878 0.2652878 2 2 0
1.2166667 0.2624297 0.2624297 2 2 0
1.215 0.2600284 0.2600284 2 2 0
1.2133333 0.257366 0.257366 2 2 0
1.2116667 0.2546053 0.2546053 2 2 0
1.21 0.2522885 0.2522885 2 2 0
1.2083333 0.2497065 0.2497065 2 2 0
1.2066667 0.2470663 0.2470663 2 2 0
1.205 0.2448587 0.2448587 2 2 0
1.2033333 0.2422924 0.2422924 2 2 0
1.2016667 0.239796 0.239796 2 2 0
1.2 0.2377201 0.2377201 2 2 0
1.1983333 0.235115 0.235115 2 2 0
1.1966667 0.2327827 0.2327827 2 2 0
1.195 0.2307319 0.2307319 2 2 0
1.1933333 0.2281755 0.2281755 2 2 0
1.1916667 0.2260245 0.2260245 2 2 0
1.19 0.2238259 0.2238259 2 2 0
1.1883333 0.2214799 0.2214799 2 2 0
1.1866667 0.2195297 0.2195297 2 2 0
1.185 0.2171593 0.2171593 2 2 0
1.1833333 0.2150374 0.2150374 2 2 0
1.1816667 0.2130136 0.2130136 2 2 0
1.18 0.2107488 0.2107488 2 2 0
1.1783333 0.2088676 0.2088676 2 2 0
1.1766667 0.2066177 0.2066177 2 2 0
1.175 0.2046142 0.2046142 2 2 0
1.1733333 0.2026088 0.2026088 2 2 0
1.1716667 0.2005066 0.2005066 2 2 0
1.17 0.1986938 0.1986938 2 2 0
1.1683333 0.1965152 0.1965152 2 2 0
1.1666667 0.1947082 0.1947082 2 2 0
1.165 0.1926161 0.1926161 2 2 0
1.1633333 0.1907506 0.1907506 2 2 0
1.1616667 0.1887905 0.1887905 2 2 0
1.16 0.1868865 0.1868865 2 2 0
1.1583333 0.1850246 0.1850246 2 2 0
1.1566667 0.1831016 0.1831016 2 2 0
1.155 0.1813102 0.1813102 2 2 0
1.1533333 0.1793855 0.1793855 2 2 0
1.1516667 0.1776386 0.1776386 2 2 0
1.15 0.1757293 0.1757293 2 2 0
1.1483333 0.174006 0.174006 2 2 0
1.1466667 0.1721294 0.1721294 2 2 0
1.145 0.1704153 0.1704153 2 2 0
1.1433333 0.1685858 0.1685858 2 2 0
1.1416667 0.1668641 0.1668641 2 2 0
1.14 0.1650974 0.1650974 2 2 0
1.1383333 0.1633594 0.1633594 2 2 0
1.1366667 0.1616702 0.1616702 2 2 0
1.135 0.1599045 0.1599045 2 2 0
1.1333333 0.1583077 0.1583077 2 2 0
1.1316667 0.1565096 0.1565096 2 2 0
1.13 0.1549034 0.1549034 2 2 0
1.1283333 0.1531813 0.1531813 2 2 0
1.1266667 0.1515222 0.1515222 2 2 0
1.125 0.1499315 0.1499315 2 2 0
1.1233333 0.1482174 0.1482174 2 2 0
1.1216667 0.1466389 0.1466389 2 2 0
1.12 0.1450031 0.1450031 2 2 0
1.1183333 0.1433607 0.1433607 2 2 0
1.1166667 0.1418212 0.1418212 2 2 0
1.115 0.1401907 0.1401907 2 2 0
1.1133333 0.1385837 0.1385837 2 2 0
1.1116667 0.1370554 0.1370554 2 2 0
1.11 0.1354769 0.1354769 2 2 0
1.1083333 0.1338819 0.1338819 2 2 0
1.1066667 0.1323496 0.1323496 2 2 0
1.105 0.1308649 0.1308649 2 2 0
1.1033333 0.1292715 0.1292715 2 2 0
1.1016667 0.1277257 0.1277257 2 2 0
1.1 0.126218 0.126218 2 2 0
1.0983333 0.12474 0.12474 2 2 0
1.0966667 0.1232235 0.1232235 2 2 0
1.095 0.1216961 0.1216961 2 2 0
1.0933333 0.1201928 0.1201928 2 2 0
1.0916667 0.1187087 0.1187087 2 2 0
1.09 0.1172381 0.1172381 2 2 0
1.0883333 0.1157773 0.1157773 2 2 0
1.0866667 0.1143232 0.1143232 2 2 0
1.085 0.1128648 0.1128648 2 2 0
