2.0 0.5 0.5 2 1 0
1.9979648 0.5 0.5 2 1 0
1.9959296 0.5 0.5 2 1 0
1.9938945 0.5 0.5 2 1 0
1.9918593 0.5 0.5 2 1 0
1.9898241 0.5 0.5 2 1 0
1.9877889 0.5 0.5 2 1 0
1.9857538 0.5 0.5 2 1 0
1.9837186 0.5 0.5 2 1 0
1.9816834 0.5 0.5 2 1 0
1.9796482 0.5 0.5 2 1 0
1.9776131 0.5 0.5 2 1 0
1.9755779 0.5 0.5 2 1 0
1.9735427 0.5 0.5 2 1 0
1.9715075 0.5 0.5 2 1 0
1.9694724 0.5 0.5 2 1 0
1.9674372 0.5 0.5 2 1 0
1.965402 0.5 0.5 2 1 0
1.9633668 0.5 0.5 2 1 0
1.9613317 0.5 0.5 2 1 0
1.9592965 0.5 0.5 2 1 0
1.9572613 0.5 0.5 2 1 0
1.9552261 0.5 0.5 2 1 0
1.953191 0.5 0.5 2 1 0
1.9511558 0.5 0.5 2 1 0
1.9491206 0.5 0.5 2 1 0
1.9470854 0.5 0.5 2 1 0
1.9450503 0.5 0.5 2 1 0
1.9430151 0.5 0.5 2 1 0
1.9409799 0.5 0.5 2 1 0
1.9389447 0.5 0.5 2 1 0
1.9369095 0.5 0.5 2 1 0
1.9348744 0.5 0.5 2 1 0
1.9328392 0.5 0.5 2 1 0
1.930804 0.5 0.5 2 1 0
1.9287688 0.5 0.5 2 1 0
1.9267337 0.5 0.5 2 1 0
1.9246985 0.5 0.5 2 1 0
1.9226633 0.5 0.5 2 1 0
1.9206281 0.5 0.5 2 1 0
1.918593 0.5 0.5 2 1 0
1.9165578 0.5 0.5 2 1 0
1.9145226 0.5 0.5 2 1 0
1.9124874 0.5 0.5 2 1 0
1.9104523 0.5 0.5 2 1 0
1.9084171 0.5 0.5 2 1 0
1.9063819 0.5 0.5 2 1 0
1.9043467 0.5 0.5 2 1 0
1.9023116 0.5 0.5 2 1 0
1.9002764 0.5 0.5 2 1 0
1.8982412 0.5 0.5 2 1 0
1.896206 0.5 0.5 2 1 0
1.8941709 0.5 0.5 2 1 0
1.8921357 0.5 0.5 2 1 0
1.8901005 0.5 0.5 2 1 0
1.8880653 0.5 0.5 2 1 0
1.8860302 0.5 0.5 2 1 0
1.883995 0.5 0.5 2 1 0
1.8819598 0.5 0.5 2 1 0
1.8799246 0.5 0.5 2 1 0
1.8778894 0.5 0.5 2 1 0
1.8758543 0.5 0.5 2 1 0
1.8738191 0.5 0.5 2 1 0
1.8717839 0.5 0.5 2 1 0
1.8697487 0.5 0.5 2 1 0
1.8677136 0.5 0.5 2 1 0
1.8656784 0.5 0.5 2 1 0
1.8636432 0.5 0.5 2 1 0
1.861608 0.5 0.5 2 1 0
1.8595729 0.5 0.5 2 1 0
1.8575377 0.5 0.5 2 1 0
1.8555025 0.5 0.5 2 1 0
1.8534673 0.5 0.5 2 1 0
1.8514322 0.5 0.5 2 1 0
1.849397 0.5 0.5 2 1 0
1.8473618 0.5 0.5 2 1 0
1.8453266 0.5 0.5 2 1 0
1.8432915 0.5 0.5 2 1 0
1.8412563 0.5 0.5 2 1 0
1.8392211 0.5 0.5 2 1 0
1.8371859 0.5 0.5 2 1 0
1.8351508 0.5 0.5 2 1 0
1.8331156 0.5 0.5 2 1 0
1.8310804 0.5 0.5 2 1 0
1.8290452 0.5 0.5 2 1 0
1.8270101 0.5 0.5 2 1 0
1.8249749 0.5 0.5 2 1 0
1.8229397 0.5 0.5 2 1 0
1.8209045 0.5 0.5 2 1 0
1.8188693 0.5 0.5 2 1 0
1.8168342 0.5 0.5 2 1 0
1.814799 0.5 0.5 2 1 0
1.8127638 0.5 0.5 2 1 0
1.8107286 0.5 0.5 2 1 0
1.8086935 0.5 0.5 2 1 0
1.8066583 0.5 0.5 2 1 0
1.8046231 0.5 0.5 2 1 0
1.8025879 0.5 0.5 2 1 0
1.8005528 0.5 0.5 2 1 0
1.7985176 0.5 0.5 2 1 0
1.7964824 0.5 0.5 2 1 0
1.7944472 0.5 0.5 2 1 0
1.7924121 0.5 0.5 2 1 0
1.7903769 0.5 0.5 2 1 0
1.7883417 0.5 0.5 2 1 0
1.7863065 0.5 0.5 2 1 0
1.7842714 0.5 0.5 2 1 0
1.7822362 0.5 0.5 2 1 0
1.780201 0.5 0.5 2 1 0
1.7781658 0.5 0.5 2 1 0
1.7761307 0.5 0.5 2 1 0
1.7740955 0.5 0.5 2 1 0
1.7720603 0.5 0.5 2 1 0
1.7700251 0.5 0.5 2 1 0
1.7679899 0.5 0.5 2 1 0
1.7659548 0.5 0.5 2 1 0
1.7639196 0.5 0.5 2 1 0
1.7618844 0.5 0.5 2 1 0
1.7598492 0.5 0.5 2 1 0
1.7578141 0.5 0.5 2 1 0
1.7557789 0.5 0.5 2 1 0
1.7537437 0.5 0.5 2 1 0
1.7517085 0.5 0.5 2 1 0
1.7496734 0.5 0.5 2 1 0
1.7476382 0.5 0.5 2 1 0
1.745603 0.5 0.5 2 1 0
1.7435678 0.5 0.5 2 1 0
1.7415327 0.5 0.5 2 1 0
1.7394975 0.5 0.5 2 1 0
1.7374623 0.5 0.5 2 1 0
1.7354271 0.5 0.5 2 1 0
1.733392 0.5 0.5 2 1 0
1.7313568 0.5 0.5 2 1 0
1.7293216 0.5 0.5 2 1 0
1.7272864 0.5 0.5 2 1 0
1.7252513 0.5 0.5 2 1 0
1.7232161 0.5 0.5 2 1 0
1.7211809 0.5 0.5 2 1 0
1.7191457 0.5 0.5 2 1 0
1.7171106 0.5 0.5 2 1 0
1.7150754 0.5 0.5 2 1 0
1.7130402 0.5 0.5 2 1 0
1.711005 0.5 0.5 2 1 0
1.7089698 0.5 0.5 2 1 0
1.7069347 0.5 0.5 2 1 0
1.7048995 0.5 0.5 2 1 0
1.7028643 0.5 0.5 2 1 0
1.7008291 0.5 0.5 2 1 0
1.698794 0.5 0.5 2 1 0
1.6967588 0.5 0.5 2 1 0
1.6947236 0.5 0.5 2 1 0
1.6926884 0.5 0.5 2 1 0
1.6906533 0.5 0.5 2 1 0
1.6886181 0.5 0.5 2 1 0
1.6865829 0.5 0.5 2 1 0
1.6845477 0.5 0.5 2 1 0
1.6825126 0.5 0.5 2 1 0
1.6804774 0.5 0.5 2 1 0
1.6784422 0.5 0.5 2 1 0
1.676407 0.5 0.5 2 1 0
1.6743719 0.5 0.5 2 1 0
1.6723367 0.5 0.5 2 1 0
1.6703015 0.5 0.5 2 1 0
1.6682663 0.5 0.5 2 1 0
1.6662312 0.5 0.5 2 1 0
1.664196 0.5 0.5 2 1 0
1.6621608 0.5 0.5 2 1 0
1.6601256 0.5 0.5 2 1 0
1.6580905 0.5 0.5 2 1 0
1.6560553 0.5 0.5 2 1 0
1.6540201 0.5 0.5 2 1 0
1.6519849 0.5 0.5 2 1 0
1.6499497 0.5 0.5 2 1 0
1.6479146 0.5 0.5 2 1 0
1.6458794 0.5 0.5 2 1 0
1.6438442 0.5 0.5 2 1 0
1.641809 0.5 0.5 2 1 0
1.6397739 0.5 0.5 2 1 0
1.6377387 0.5 0.5 2 1 0
1.6357035 0.5 0.5 2 1 0
1.6336683 0.5 0.5 2 1 0
1.6316332 0.5 0.5 2 1 0
1.629598 0.5 0.5 2 1 0
1.6275628 0.5 0.5 2 1 0
1.6255276 0.5 0.5 2 1 0
1.6234925 0.5 0.5 2 1 0
1.6214573 0.5 0.5 2 1 0
1.6194221 0.5 0.5 2 1 0
1.6173869 0.5 0.5 2 1 0
1.6153518 0.5 0.5 2 1 0
1.6133166 0.5 0.5 2 1 0
1.6112814 0.5 0.5 2 1 0
1.6092462 0.5 0.5 2 1 0
1.6072111 0.5 0.5 2 1 0
1.6051759 0.5 0.5 2 1 0
1.6031407 0.5 0.5 2 1 0
1.6011055 0.5 0.5 2 1 0
1.5990704 0.5 0.5 2 1 0
1.5970352 0.5 0.5 2 1 0
1.595 0.5 0.5 2 1 0
1.595 0.5 0.5 1 2 0
1.59 0.5 0.5 1 2 0
1.585 0.5 0.5 1 2 0
1.58 0.5 0.5 1 2 0
1.575 0.5 0.5 1 2 0
1.57 0.5 0.5 1 2 0
1.565 0.5 0.5 1 2 0
1.56 0.5 0.5 1 2 0
1.555 0.5 0.5 1 2 0
1.55 0.5 0.5 1 2 0
1.545 0.5 0.5 1 2 0
1.54 0.5 0.5 1 2 0
1.535 0.5 0.5 1 2 0
1.53 0.5 0.5 1 2 0
1.525 0.5 0.5 1 2 0
1.52 0.5 0.5 1 2 0
1.515 0.5 0.5 1 2 0
1.51 0.5 0.5 1 2 0
1.505 0.5 0.5 1 2 0
1.5 0.5 0.5 1 2 0
1.495 0.5 0.5 1 2 0
1.49 0.5 0.5 1 2 0
1.485 0.5 0.5 1 2 0
1.48 0.5 0.5 1 2 0
1.475 0.5 0.5 1 2 0
1.47 0.5 0.5 1 2 0
1.465 0.5 0.5 1 2 0
1.46 0.5 0.5 1 2 0
1.455 0.5 0.5 1 2 0
1.45 0.5 0.5 1 2 0
1.445 0.5 0.5 1 2 0
1.44 0.5 0.5 1 2 0
1.435 0.5 0.5 1 2 0
1.43 0.5 0.5 1 2 0
1.425 0.5 0.5 1 2 0
1.42 0.5 0.5 1 2 0
1.415 0.5 0.5 1 2 0
1.41 0.5 0.5 1 2 0
1.405 0.5 0.5 1 2 0
1.4 0.5 0.5 1 2 0
1.395 0.5 0.5 1 2 0
1.39 0.5 0.5 1 2 0
1.385 0.5 0.5 1 2 0
1.38 0.5 0.5 1 2 0
1.375 0.5 0.5 1 2 0
1.37 0.5 0.5 1 2 0
1.365 0.5 0.5 1 2 0
1.36 0.5 0.5 1 2 0
1.355 0.5 0.5 1 2 0
1.35 0.5 0.5 1 2 0
1.345 0.5 0.5 1 2 0
1.34 0.5 0.5 1 2 0
1.335 0.5 0.5 1 2 0
1.33 0.5 0.5 1 2 0
1.325 0.5 0.5 1 2 0
1.32 0.5 0.5 1 2 0
1.315 0.5 0.5 1 2 0
1.31 0.5 0.5 1 2 0
1.305 0.5 0.5 1 2 0
1.3 0.5 0.5 1 2 0
1.295 0.5 0.5 1 2 0
1.29 0.5 0.5 1 2 0
1.285 0.5 0.5 1 2 0
1.28 0.5 0.5 1 2 0
1.275 0.5 0.5 1 2 0
1.27 0.5 0.5 1 2 0
1.265 0.5 0.5 1 2 0
1.26 0.5 0.5 1 2 0
1.255 0.5 0.5 1 2 0
1.25 0.5 0.5 1 2 0
1.245 0.5 0.5 1 2 0
1.24 0.5 0.5 1 2 0
1.235 0.5 0.5 1 2 0
1.23 0.5 0.5 1 2 0
1.225 0.5 0.5 1 2 0
1.22 0.5 0.5 1 2 0
1.215 0.5 0.5 1 2 0
1.21 0.5 0.5 1 2 0
1.205 0.5 0.5 1 2 0
1.2 0.5 0.5 1 2 0
1.195 0.5 0.5 1 2 0
1.19 0.5 0.5 1 2 0
1.185 0.5 0.5 1 2 0
1.18 0.5 0.5 1 2 0
1.175 0.5 0.5 1 2 0
1.17 0.5 0.5 1 2 0
1.165 0.5 0.5 1 2 0
1.16 0.5 0.5 1 2 0
1.155 0.5 0.5 1 2 0
1.15 0.5 0.5 1 2 0
1.145 0.5 0.5 1 2 0
1.14 0.5 0.5 1 2 0
1.135 0.5 0.5 1 2 0
1.13 0.5 0.5 1 2 0
1.125 0.5 0.5 1 2 0
1.12 0.5 0.5 1 2 0
1.115 0.5 0.5 1 2 0
1.11 0.5 0.5 1 2 0
1.105 0.5 0.5 1 2 0
1.1 0.5 0.5 1 2 0
1.095 0.5 0.5 1 2 0
1.09 0.5 0.5 1 2 0
1.085 0.5 0.5 1 2 0
1.595 0.5 0.5 2 2 0
1.595 0.5043573 0.5043573 2 2 0
1.59 0.5534872 0.5534872 2 2 0
1.585 0.5779038 0.5779038 2 2 0
1.58 0.5947025 0.5947025 2 2 0
1.575 0.6074997 0.6074997 2 2 0
1.57 0.6214581 0.6214581 2 2 0
1.565 0.6330116 0.6330116 2 2 0
1.56 0.6425487 0.6425487 2 2 0
1.555 0.6525837 0.6525837 2 2 0
1.55 0.66194 0.66194 2 2 0
1.545 0.6698738 0.6698738 2 2 0
1.54 0.6779792 0.6779792 2 2 0
1.535 0.685977 0.685977 2 2 0
1.53 0.6928445 0.6928445 2 2 0
1.525 0.6998509 0.6998509 2 2 0
1.52 0.7068514 0.7068514 2 2 0
1.515 0.7128984 0.7128984 2 2 0
1.51 0.7192465 0.7192465 2 2 0
1.505 0.7254361 0.7254361 2 2 0
1.5 0.7307919 0.7307919 2 2 0
1.495 0.7367452 0.7367452 2 2 0
1.49 0.7422334 0.7422334 2 2 0
1.485 0.7471295 0.7471295 2 2 0
1.48 0.7526976 0.7526976 2 2 0
1.475 0.7575511 0.7575511 2 2 0
1.47 0.7624087 0.7624087 2 2 0
1.465 0.7673278 0.7673278 2 2 0
1.46 0.7715902 0.7715902 2 2 0
1.455 0.7764714 0.7764714 2 2 0
1.45 0.7807823 0.7807823 2 2 0
1.445 0.7851081 0.7851081 2 2 0
1.44 0.7894266 0.7894266 2 2 0
1.435 0.7933284 0.7933284 2 2 0
1.43 0.7976214 0.7976214 2 2 0
1.425 0.8013449 0.8013449 2 2 0
1.42 0.8054388 0.8054388 2 2 0
1.415 0.8091246 0.8091246 2 2 0
1.41 0.8129331 0.8129331 2 2 0
1.405 0.8165513 0.8165513 2 2 0
1.4 0.8201414 0.8201414 2 2 0
1.395 0.8236682 0.8236682 2 2 0
1.39 0.8270924 0.8270924 2 2 0
1.385 0.8305047 0.8305047 2 2 0
1.38 0.8338036 0.8338036 2 2 0
1.375 0.8370823 0.8370823 2 2 0
1.37 0.840287 0.840287 2 2 0
1.365 0.8434125 0.8434125 2 2 0
1.36 0.846548 0.846548 2 2 0
1.355 0.8495042 0.8495042 2 2 0
1.35 0.852588 0.852588 2 2 0
1.345 0.855385 0.855385 2 2 0
1.34 0.8584044 0.8584044 2 2 0
1.335 0.8611924 0.8611924 2 2 0
1.33 0.8639922 0.8639922 2 2 0
1.595 0.5 0.5 2 2 0
1.595 0.4956427 0.4956427 2 2 0
1.59 0.4465128 0.4465128 2 2 0
1.585 0.4220962 0.4220962 2 2 0
1.58 0.4052975 0.4052975 2 2 0
1.575 0.3925003 0.3925003 2 2 0
1.57 0.3785419 0.3785419 2 2 0
1.565 0.3669884 0.3669884 2 2 0
1.56 0.3574513 0.3574513 2 2 0
1.555 0.3474163 0.3474163 2 2 0
1.55 0.33806 0.33806 2 2 0
1.545 0.3301262 0.3301262 2 2 0
1.54 0.3220208 0.3220208 2 2 0
1.535 0.314023 0.314023 2 2 0
1.53 0.3071555 0.3071555 2 2 0
1.525 0.3001491 0.3001491 2 2 0
1.52 0.2931486 0.2931486 2 2 0
1.515 0.2871016 0.2871016 2 2 0
1.51 0.2807535 0.2807535 2 2 0
1.505 0.2745639 0.2745639 2 2 0
1.5 0.2692081 0.2692081 2 2 0
1.495 0.2632548 0.2632548 2 2 0
1.49 0.2577666 0.2577666 2 2 0
1.485 0.2528705 0.2528705 2 2 0
1.48 0.2473024 0.2473024 2 2 0
1.475 0.2424489 0.2424489 2 2 0
1.47 0.2375913 0.2375913 2 2 0
1.465 0.2326722 0.2326722 2 2 0
1.46 0.2284098 0.2284098 2 2 0
1.455 0.2235286 0.2235286 2 2 0
1.45 0.2192177 0.2192177 2 2 0
1.445 0.2148919 0.2148919 2 2 0
1.44 0.2105734 0.2105734 2 2 0
1.435 0.2066716 0.2066716 2 2 0
1.43 0.2023786 0.2023786 2 2 0
1.425 0.1986551 0.1986551 2 2 0
1.42 0.1945612 0.1945612 2 2 0
1.415 0.1908754 0.1908754 2 2 0
1.41 0.1870669 0.1870669 2 2 0
1.405 0.1834487 0.1834487 2 2 0
1.4 0.1798586 0.1798586 2 2 0
1.395 0.1763318 0.1763318 2 2 0
1.39 0.1729076 0.1729076 2 2 0
1.385 0.1694953 0.1694953 2 2 0
1.38 0.1661964 0.1661964 2 2 0
1.375 0.1629177 0.1629177 2 2 0
1.37 0.159713 0.159713 2 2 0
1.365 0.1565875 0.1565875 2 2 0
1.36 0.153452 0.153452 2 2 0
1.355 0.1504958 0.1504958 2 2 0
1.35 0.147412 0.147412 2 2 0
1.345 0.144615 0.144615 2 2 0
1.34 0.1415956 0.1415956 2 2 0
1.335 0.1388076 0.1388076 2 2 0
1.33 0.1360078 0.1360078 2 2 0
