2.0 0.5 0.5 2 1 0
1.9999246 0.5 0.5 2 1 0
1.9998492 0.5 0.5 2 1 0
1.9997739 0.5 0.5 2 1 0
1.9996985 0.5 0.5 2 1 0
1.9996231 0.5 0.5 2 1 0
1.9995477 0.5 0.5 2 1 0
1.9994724 0.5 0.5 2 1 0
1.999397 0.5 0.5 2 1 0
1.9993216 0.5 0.5 2 1 0
1.9992462 0.5 0.5 2 1 0
1.9991709 0.5 0.5 2 1 0
1.9990955 0.5 0.5 2 1 0
1.9990201 0.5 0.5 2 1 0
1.9989447 0.5 0.5 2 1 0
1.9988693 0.5 0.5 2 1 0
1.998794 0.5 0.5 2 1 0
1.9987186 0.5 0.5 2 1 0
1.9986432 0.5 0.5 2 1 0
1.9985678 0.5 0.5 2 1 0
1.9984925 0.5 0.5 2 1 0
1.9984171 0.5 0.5 2 1 0
1.9983417 0.5 0.5 2 1 0
1.9982663 0.5 0.5 2 1 0
1.998191 0.5 0.5 2 1 0
1.9981156 0.5 0.5 2 1 0
1.9980402 0.5 0.5 2 1 0
1.9979648 0.5 0.5 2 1 0
1.9978894 0.5 0.5 2 1 0
1.9978141 0.5 0.5 2 1 0
1.9977387 0.5 0.5 2 1 0
1.9976633 0.5 0.5 2 1 0
1.9975879 0.5 0.5 2 1 0
1.9975126 0.5 0.5 2 1 0
1.9974372 0.5 0.5 2 1 0
1.9973618 0.5 0.5 2 1 0
1.9972864 0.5 0.5 2 1 0
1.9972111 0.5 0.5 2 1 0
1.9971357 0.5 0.5 2 1 0
1.9970603 0.5 0.5 2 1 0
1.9969849 0.5 0.5 2 1 0
1.9969095 0.5 0.5 2 1 0
1.9968342 0.5 0.5 2 1 0
1.9967588 0.5 0.5 2 1 0
1.9966834 0.5 0.5 2 1 0
1.996608 0.5 0.5 2 1 0
1.9965327 0.5 0.5 2 1 0
1.9964573 0.5 0.5 2 1 0
1.9963819 0.5 0.5 2 1 0
1.9963065 0.5 0.5 2 1 0
1.9962312 0.5 0.5 2 1 0
1.9961558 0.5 0.5 2 1 0
1.9960804 0.5 0.5 2 1 0
1.996005 0.5 0.5 2 1 0
1.9959296 0.5 0.5 2 1 0
1.9958543 0.5 0.5 2 1 0
1.9957789 0.5 0.5 2 1 0
1.9957035 0.5 0.5 2 1 0
1.9956281 0.5 0.5 2 1 0
1.9955528 0.5 0.5 2 1 0
1.9954774 0.5 0.5 2 1 0
1.995402 0.5 0.5 2 1 0
1.9953266 0.5 0.5 2 1 0
1.9952513 0.5 0.5 2 1 0
1.9951759 0.5 0.5 2 1 0
1.9951005 0.5 0.5 2 1 0
1.9950251 0.5 0.5 2 1 0
1.9949497 0.5 0.5 2 1 0
1.9948744 0.5 0.5 2 1 0
1.994799 0.5 0.5 2 1 0
1.9947236 0.5 0.5 2 1 0
1.9946482 0.5 0.5 2 1 0
1.9945729 0.5 0.5 2 1 0
1.9944975 0.5 0.5 2 1 0
1.9944221 0.5 0.5 2 1 0
1.9943467 0.5 0.5 2 1 0
1.9942714 0.5 0.5 2 1 0
1.994196 0.5 0.5 2 1 0
1.9941206 0.5 0.5 2 1 0
1.9940452 0.5 0.5 2 1 0
1.9939698 0.5 0.5 2 1 0
1.9938945 0.5 0.5 2 1 0
1.9938191 0.5 0.5 2 1 0
1.9937437 0.5 0.5 2 1 0
1.9936683 0.5 0.5 2 1 0
1.993593 0.5 0.5 2 1 0
1.9935176 0.5 0.5 2 1 0
1.9934422 0.5 0.5 2 1 0
1.9933668 0.5 0.5 2 1 0
1.9932915 0.5 0.5 2 1 0
1.9932161 0.5 0.5 2 1 0
1.9931407 0.5 0.5 2 1 0
1.9930653 0.5 0.5 2 1 0
1.9929899 0.5 0.5 2 1 0
1.9929146 0.5 0.5 2 1 0
1.9928392 0.5 0.5 2 1 0
1.9927638 0.5 0.5 2 1 0
1.9926884 0.5 0.5 2 1 0
1.9926131 0.5 0.5 2 1 0
1.9925377 0.5 0.5 2 1 0
1.9924623 0.5 0.5 2 1 0
1.9923869 0.5 0.5 2 1 0
1.9923116 0.5 0.5 2 1 0
1.9922362 0.5 0.5 2 1 0
1.9921608 0.5 0.5 2 1 0
1.9920854 0.5 0.5 2 1 0
1.9920101 0.5 0.5 2 1 0
1.9919347 0.5 0.5 2 1 0
1.9918593 0.5 0.5 2 1 0
1.9917839 0.5 0.5 2 1 0
1.9917085 0.5 0.5 2 1 0
1.9916332 0.5 0.5 2 1 0
1.9915578 0.5 0.5 2 1 0
1.9914824 0.5 0.5 2 1 0
1.991407 0.5 0.5 2 1 0
1.9913317 0.5 0.5 2 1 0
1.9912563 0.5 0.5 2 1 0
1.9911809 0.5 0.5 2 1 0
1.9911055 0.5 0.5 2 1 0
1.9910302 0.5 0.5 2 1 0
1.9909548 0.5 0.5 2 1 0
1.9908794 0.5 0.5 2 1 0
1.990804 0.5 0.5 2 1 0
1.9907286 0.5 0.5 2 1 0
1.9906533 0.5 0.5 2 1 0
1.9905779 0.5 0.5 2 1 0
1.9905025 0.5 0.5 2 1 0
1.9904271 0.5 0.5 2 1 0
1.9903518 0.5 0.5 2 1 0
1.9902764 0.5 0.5 2 1 0
1.990201 0.5 0.5 2 1 0
1.9901256 0.5 0.5 2 1 0
1.9900503 0.5 0.5 2 1 0
1.9899749 0.5 0.5 2 1 0
1.9898995 0.5 0.5 2 1 0
1.9898241 0.5 0.5 2 1 0
1.9897487 0.5 0.5 2 1 0
1.9896734 0.5 0.5 2 1 0
1.989598 0.5 0.5 2 1 0
1.9895226 0.5 0.5 2 1 0
1.9894472 0.5 0.5 2 1 0
1.9893719 0.5 0.5 2 1 0
1.9892965 0.5 0.5 2 1 0
1.9892211 0.5 0.5 2 1 0
1.9891457 0.5 0.5 2 1 0
1.9890704 0.5 0.5 2 1 0
1.988995 0.5 0.5 2 1 0
1.9889196 0.5 0.5 2 1 0
1.9888442 0.5 0.5 2 1 0
1.9887688 0.5 0.5 2 1 0
1.9886935 0.5 0.5 2 1 0
1.9886181 0.5 0.5 2 1 0
1.9885427 0.5 0.5 2 1 0
1.9884673 0.5 0.5 2 1 0
1.988392 0.5 0.5 2 1 0
1.9883166 0.5 0.5 2 1 0
1.9882412 0.5 0.5 2 1 0
1.9881658 0.5 0.5 2 1 0
1.9880905 0.5 0.5 2 1 0
1.9880151 0.5 0.5 2 1 0
1.9879397 0.5 0.5 2 1 0
1.9878643 0.5 0.5 2 1 0
1.9877889 0.5 0.5 2 1 0
1.9877136 0.5 0.5 2 1 0
1.9876382 0.5 0.5 2 1 0
1.9875628 0.5 0.5 2 1 0
1.9874874 0.5 0.5 2 1 0
1.9874121 0.5 0.5 2 1 0
1.9873367 0.5 0.5 2 1 0
1.9872613 0.5 0.5 2 1 0
1.9871859 0.5 0.5 2 1 0
1.9871106 0.5 0.5 2 1 0
1.9870352 0.5 0.5 2 1 0
1.9869598 0.5 0.5 2 1 0
1.9868844 0.5 0.5 2 1 0
1.986809 0.5 0.5 2 1 0
1.9867337 0.5 0.5 2 1 0
1.9866583 0.5 0.5 2 1 0
1.9865829 0.5 0.5 2 1 0
1.9865075 0.5 0.5 2 1 0
1.9864322 0.5 0.5 2 1 0
1.9863568 0.5 0.5 2 1 0
1.9862814 0.5 0.5 2 1 0
1.986206 0.5 0.5 2 1 0
1.9861307 0.5 0.5 2 1 0
1.9860553 0.5 0.5 2 1 0
1.9859799 0.5 0.5 2 1 0
1.9859045 0.5 0.5 2 1 0
1.9858291 0.5 0.5 2 1 0
1.9857538 0.5 0.5 2 1 0
1.9856784 0.5 0.5 2 1 0
1.985603 0.5 0.5 2 1 0
1.9855276 0.5 0.5 2 1 0
1.9854523 0.5 0.5 2 1 0
1.9853769 0.5 0.5 2 1 0
1.9853015 0.5 0.5 2 1 0
1.9852261 0.5 0.5 2 1 0
1.9851508 0.5 0.5 2 1 0
1.9850754 0.5 0.5 2 1 0
1.985 0.5 0.5 2 1 0
1.985 0.5 0.5 1 2 0
1.98 0.5 0.5 1 2 0
1.975 0.5 0.5 1 2 0
1.97 0.5 0.5 1 2 0
1.965 0.5 0.5 1 2 0
1.96 0.5 0.5 1 2 0
1.955 0.5 0.5 1 2 0
1.95 0.5 0.5 1 2 0
1.945 0.5 0.5 1 2 0
1.94 0.5 0.5 1 2 0
1.935 0.5 0.5 1 2 0
1.93 0.5 0.5 1 2 0
1.925 0.5 0.5 1 2 0
1.92 0.5 0.5 1 2 0
1.915 0.5 0.5 1 2 0
1.91 0.5 0.5 1 2 0
1.905 0.5 0.5 1 2 0
1.9 0.5 0.5 1 2 0
1.895 0.5 0.5 1 2 0
1.89 0.5 0.5 1 2 0
1.885 0.5 0.5 1 2 0
1.88 0.5 0.5 1 2 0
1.875 0.5 0.5 1 2 0
1.87 0.5 0.5 1 2 0
1.865 0.5 0.5 1 2 0
1.86 0.5 0.5 1 2 0
1.855 0.5 0.5 1 2 0
1.85 0.5 0.5 1 2 0
1.845 0.5 0.5 1 2 0
1.84 0.5 0.5 1 2 0
1.835 0.5 0.5 1 2 0
1.83 0.5 0.5 1 2 0
1.825 0.5 0.5 1 2 0
1.82 0.5 0.5 1 2 0
1.815 0.5 0.5 1 2 0
1.81 0.5 0.5 1 2 0
1.805 0.5 0.5 1 2 0
1.8 0.5 0.5 1 2 0
1.795 0.5 0.5 1 2 0
1.79 0.5 0.5 1 2 0
1.785 0.5 0.5 1 2 0
1.78 0.5 0.5 1 2 0
1.775 0.5 0.5 1 2 0
1.77 0.5 0.5 1 2 0
1.765 0.5 0.5 1 2 0
1.76 0.5 0.5 1 2 0
1.755 0.5 0.5 1 2 0
1.75 0.5 0.5 1 2 0
1.745 0.5 0.5 1 2 0
1.74 0.5 0.5 1 2 0
1.735 0.5 0.5 1 2 0
1.73 0.5 0.5 1 2 0
1.725 0.5 0.5 1 2 0
1.72 0.5 0.5 1 2 0
1.715 0.5 0.5 1 2 0
1.71 0.5 0.5 1 2 0
1.705 0.5 0.5 1 2 0
1.7 0.5 0.5 1 2 0
1.695 0.5 0.5 1 2 0
1.69 0.5 0.5 1 2 0
1.685 0.5 0.5 1 2 0
1.68 0.5 0.5 1 2 0
1.675 0.5 0.5 1 2 0
1.67 0.5 0.5 1 2 0
1.665 0.5 0.5 1 2 0
1.66 0.5 0.5 1 2 0
1.655 0.5 0.5 1 2 0
1.65 0.5 0.5 1 2 0
1.645 0.5 0.5 1 2 0
1.64 0.5 0.5 1 2 0
1.635 0.5 0.5 1 2 0
1.63 0.5 0.5 1 2 0
1.625 0.5 0.5 1 2 0
1.62 0.5 0.5 1 2 0
1.615 0.5 0.5 1 2 0
1.61 0.5 0.5 1 2 0
1.605 0.5 0.5 1 2 0
1.6 0.5 0.5 1 2 0
1.595 0.5 0.5 1 2 0
1.59 0.5 0.5 1 2 0
1.585 0.5 0.5 1 2 0
1.58 0.5 0.5 1 2 0
1.575 0.5 0.5 1 2 0
1.57 0.5 0.5 1 2 0
1.565 0.5 0.5 1 2 0
1.56 0.5 0.5 1 2 0
1.555 0.5 0.5 1 2 0
1.55 0.5 0.5 1 2 0
1.545 0.5 0.5 1 2 0
1.54 0.5 0.5 1 2 0
1.535 0.5 0.5 1 2 0
1.53 0.5 0.5 1 2 0
1.525 0.5 0.5 1 2 0
1.52 0.5 0.5 1 2 0
1.515 0.5 0.5 1 2 0
1.51 0.5 0.5 1 2 0
1.505 0.5 0.5 1 2 0
1.5 0.5 0.5 1 2 0
1.495 0.5 0.5 1 2 0
1.49 0.5 0.5 1 2 0
1.485 0.5 0.5 1 2 0
1.48 0.5 0.5 1 2 0
1.475 0.5 0.5 1 2 0
1.47 0.5 0.5 1 2 0
1.465 0.5 0.5 1 2 0
1.46 0.5 0.5 1 2 0
1.985 0.5 0.5 2 2 0
1.985 0.5355529 0.5355529 2 2 0
1.98 0.5577015 0.5577015 2 2 0
1.975 0.57306 0.57306 2 2 0
1.97 0.5853638 0.5853638 2 2 0
1.965 0.5958028 0.5958028 2 2 0
1.96 0.6054406 0.6054406 2 2 0
1.955 0.6148215 0.6148215 2 2 0
1.95 0.6232576 0.6232576 2 2 0
1.945 0.6309326 0.6309326 2 2 0
1.94 0.6379685 0.6379685 2 2 0
1.935 0.6444551 0.6444551 2 2 0
1.93 0.6510758 0.6510758 2 2 0
1.925 0.6575476 0.6575476 2 2 0
1.92 0.663588 0.663588 2 2 0
1.915 0.6692402 0.6692402 2 2 0
1.91 0.6745385 0.6745385 2 2 0
1.905 0.6796286 0.6796286 2 2 0
1.9 0.6850488 0.6850488 2 2 0
1.895 0.6901599 0.6901599 2 2 0
1.89 0.6949876 0.6949876 2 2 0
1.885 0.6995471 0.6995471 2 2 0
1.88 0.7038589 0.7038589 2 2 0
1.875 0.7084866 0.7084866 2 2 0
1.87 0.7129618 0.7129618 2 2 0
1.865 0.7172069 0.7172069 2 2 0
1.86 0.7212357 0.7212357 2 2 0
1.855 0.7250585 0.7250585 2 2 0
1.85 0.729123 0.729123 2 2 0
1.845 0.7331103 0.7331103 2 2 0
1.84 0.7369047 0.7369047 2 2 0
1.835 0.7405131 0.7405131 2 2 0
1.83 0.7439444 0.7439444 2 2 0
1.825 0.7476517 0.7476517 2 2 0
1.82 0.7512411 0.7512411 2 2 0
1.815 0.7546615 0.7546615 2 2 0
1.81 0.757919 0.757919 2 2 0
1.805 0.7611006 0.7611006 2 2 0
1.8 0.7645031 0.7645031 2 2 0
1.795 0.767751 0.767751 2 2 0
1.985 0.5 0.5 2 2 0
1.985 0.4644471 0.4644471 2 2 0
1.98 0.4422985 0.4422985 2 2 0
1.975 0.42694 0.42694 2 2 0
1.97 0.4146362 0.4146362 2 2 0
1.965 0.4041972 0.4041972 2 2 0
1.96 0.3945594 0.3945594 2 2 0
1.955 0.3851785 0.3851785 2 2 0
1.95 0.3767424 0.3767424 2 2 0
1.945 0.3690674 0.3690674 2 2 0
1.94 0.3620315 0.3620315 2 2 0
1.935 0.3555449 0.3555449 2 2 0
1.93 0.3489242 0.3489242 2 2 0
1.925 0.3424524 0.3424524 2 2 0
1.92 0.336412 0.336412 2 2 0
1.915 0.3307598 0.3307598 2 2 0
1.91 0.3254615 0.3254615 2 2 0
1.905 0.3203714 0.3203714 2 2 0
1.9 0.3149512 0.3149512 2 2 0
1.895 0.3098401 0.3098401 2 2 0
1.89 0.3050124 0.3050124 2 2 0
1.885 0.3004529 0.3004529 2 2 0
1.88 0.2961411 0.2961411 2 2 0
1.875 0.2915134 0.2915134 2 2 0
1.87 0.2870382 0.2870382 2 2 0
1.865 0.2827931 0.2827931 2 2 0
1.86 0.2787643 0.2787643 2 2 0
1.855 0.2749415 0.2749415 2 2 0
1.85 0.270877 0.270877 2 2 0
1.845 0.2668897 0.2668897 2 2 0
1.84 0.2630953 0.2630953 2 2 0
1.835 0.2594869 0.2594869 2 2 0
1.83 0.2560556 0.2560556 2 2 0
1.825 0.2523483 0.2523483 2 2 0
1.82 0.2487589 0.2487589 2 2 0
1.815 0.2453385 0.2453385 2 2 0
1.81 0.242081 0.242081 2 2 0
1.805 0.2388994 0.2388994 2 2 0
1.8 0.2354969 0.2354969 2 2 0
1.795 0.232249 0.232249 2 2 0
