2.0 0.5 0.5 2 1 0
1.9964185 0.5 0.5 2 1 0
1.9928371 0.5 0.5 2 1 0
1.9892556 0.5 0.5 2 1 0
1.9856741 0.5 0.5 2 1 0
1.9820926 0.5 0.5 2 1 0
1.9785112 0.5 0.5 2 1 0
1.9749297 0.5 0.5 2 1 0
1.9713482 0.5 0.5 2 1 0
1.9677668 0.5 0.5 2 1 0
1.9641853 0.5 0.5 2 1 0
1.9606038 0.5 0.5 2 1 0
1.9570223 0.5 0.5 2 1 0
1.9534409 0.5 0.5 2 1 0
1.9498594 0.5 0.5 2 1 0
1.9462779 0.5 0.5 2 1 0
1.9426965 0.5 0.5 2 1 0
1.939115 0.5 0.5 2 1 0
1.9355335 0.5 0.5 2 1 0
1.9319521 0.5 0.5 2 1 0
1.9283706 0.5 0.5 2 1 0
1.9247891 0.5 0.5 2 1 0
1.9212076 0.5 0.5 2 1 0
1.9176262 0.5 0.5 2 1 0
1.9140447 0.5 0.5 2 1 0
1.9104632 0.5 0.5 2 1 0
1.9068818 0.5 0.5 2 1 0
1.9033003 0.5 0.5 2 1 0
1.8997188 0.5 0.5 2 1 0
1.8961373 0.5 0.5 2 1 0
1.8925559 0.5 0.5 2 1 0
1.8889744 0.5 0.5 2 1 0
1.8853929 0.5 0.5 2 1 0
1.8818115 0.5 0.5 2 1 0
1.87823 0.5 0.5 2 1 0
1.8746485 0.5 0.5 2 1 0
1.871067 0.5 0.5 2 1 0
1.8674856 0.5 0.5 2 1 0
1.8639041 0.5 0.5 2 1 0
1.8603226 0.5 0.5 2 1 0
1.8567412 0.5 0.5 2 1 0
1.8531597 0.5 0.5 2 1 0
1.8495782 0.5 0.5 2 1 0
1.8459968 0.5 0.5 2 1 0
1.8424153 0.5 0.5 2 1 0
1.8388338 0.5 0.5 2 1 0
1.8352523 0.5 0.5 2 1 0
1.8316709 0.5 0.5 2 1 0
1.8280894 0.5 0.5 2 1 0
1.8245079 0.5 0.5 2 1 0
1.8209265 0.5 0.5 2 1 0
1.817345 0.5 0.5 2 1 0
1.8137635 0.5 0.5 2 1 0
1.810182 0.5 0.5 2 1 0
1.8066006 0.5 0.5 2 1 0
1.8030191 0.5 0.5 2 1 0
1.7994376 0.5 0.5 2 1 0
1.7958562 0.5 0.5 2 1 0
1.7922747 0.5 0.5 2 1 0
1.7886932 0.5 0.5 2 1 0
1.7851117 0.5 0.5 2 1 0
1.7815303 0.5 0.5 2 1 0
1.7779488 0.5 0.5 2 1 0
1.7743673 0.5 0.5 2 1 0
1.7707859 0.5 0.5 2 1 0
1.7672044 0.5 0.5 2 1 0
1.7636229 0.5 0.5 2 1 0
1.7600415 0.5 0.5 2 1 0
1.75646 0.5 0.5 2 1 0
1.7528785 0.5 0.5 2 1 0
1.749297 0.5 0.5 2 1 0
1.7457156 0.5 0.5 2 1 0
1.7421341 0.5 0.5 2 1 0
1.7385526 0.5 0.5 2 1 0
1.7349712 0.5 0.5 2 1 0
1.7313897 0.5 0.5 2 1 0
1.7278082 0.5 0.5 2 1 0
1.7242267 0.5 0.5 2 1 0
1.7206453 0.5 0.5 2 1 0
1.7170638 0.5 0.5 2 1 0
1.7134823 0.5 0.5 2 1 0
1.7099009 0.5 0.5 2 1 0
1.7063194 0.5 0.5 2 1 0
1.7027379 0.5 0.5 2 1 0
1.6991564 0.5 0.5 2 1 0
1.695575 0.5 0.5 2 1 0
1.6919935 0.5 0.5 2 1 0
1.688412 0.5 0.5 2 1 0
1.6848306 0.5 0.5 2 1 0
1.6812491 0.5 0.5 2 1 0
1.6776676 0.5 0.5 2 1 0
1.6740862 0.5 0.5 2 1 0
1.6705047 0.5 0.5 2 1 0
1.6669232 0.5 0.5 2 1 0
1.6633417 0.5 0.5 2 1 0
1.6597603 0.5 0.5 2 1 0
1.6561788 0.5 0.5 2 1 0
1.6525973 0.5 0.5 2 1 0
1.6490159 0.5 0.5 2 1 0
1.6454344 0.5 0.5 2 1 0
1.6418529 0.5 0.5 2 1 0
1.6382714 0.5 0.5 2 1 0
1.63469 0.5 0.5 2 1 0
1.6311085 0.5 0.5 2 1 0
1.627527 0.5 0.5 2 1 0
1.6239456 0.5 0.5 2 1 0
1.6203641 0.5 0.5 2 1 0
1.6167826 0.5 0.5 2 1 0
1.6132011 0.5 0.5 2 1 0
1.6096197 0.5 0.5 2 1 0
1.6060382 0.5 0.5 2 1 0
1.6024567 0.5 0.5 2 1 0
1.5988753 0.5 0.5 2 1 0
1.5952938 0.5 0.5 2 1 0
1.5917123 0.5 0.5 2 1 0
1.5881309 0.5 0.5 2 1 0
1.5845494 0.5 0.5 2 1 0
1.5809679 0.5 0.5 2 1 0
1.5773864 0.5 0.5 2 1 0
1.573805 0.5 0.5 2 1 0
1.5702235 0.5 0.5 2 1 0
1.566642 0.5 0.5 2 1 0
1.5630606 0.5 0.5 2 1 0
1.5594791 0.5 0.5 2 1 0
1.5558976 0.5 0.5 2 1 0
1.5523161 0.5 0.5 2 1 0
1.5487347 0.5 0.5 2 1 0
1.5451532 0.5 0.5 2 1 0
1.5415717 0.5 0.5 2 1 0
1.5379903 0.5 0.5 2 1 0
1.5344088 0.5 0.5 2 1 0
1.5308273 0.5 0.5 2 1 0
1.5272458 0.5 0.5 2 1 0
1.5236644 0.5 0.5 2 1 0
1.5200829 0.5 0.5 2 1 0
1.5165014 0.5 0.5 2 1 0
1.51292 0.5 0.5 2 1 0
1.5093385 0.5 0.5 2 1 0
1.505757 0.5 0.5 2 1 0
1.5021756 0.5 0.5 2 1 0
1.4985941 0.5 0.5 2 1 0
1.4950126 0.5 0.5 2 1 0
1.4914311 0.5 0.5 2 1 0
1.4878497 0.5 0.5 2 1 0
1.4842682 0.5 0.5 2 1 0
1.4806867 0.5 0.5 2 1 0
1.4771053 0.5 0.5 2 1 0
1.4735238 0.5 0.5 2 1 0
1.4699423 0.5 0.5 2 1 0
1.4663608 0.5 0.5 2 1 0
1.4627794 0.5 0.5 2 1 0
1.4591979 0.5 0.5 2 1 0
1.4556164 0.5 0.5 2 1 0
1.452035 0.5 0.5 2 1 0
1.4484535 0.5 0.5 2 1 0
1.444872 0.5 0.5 2 1 0
1.4412905 0.5 0.5 2 1 0
1.4377091 0.5 0.5 2 1 0
1.4341276 0.5 0.5 2 1 0
1.4305461 0.5 0.5 2 1 0
1.4269647 0.5 0.5 2 1 0
1.4233832 0.5 0.5 2 1 0
1.4198017 0.5 0.5 2 1 0
1.4162203 0.5 0.5 2 1 0
1.4126388 0.5 0.5 2 1 0
1.4090573 0.5 0.5 2 1 0
1.4054758 0.5 0.5 2 1 0
1.4018944 0.5 0.5 2 1 0
1.3983129 0.5 0.5 2 1 0
1.3947314 0.5 0.5 2 1 0
1.39115 0.5 0.5 2 1 0
1.3875685 0.5 0.5 2 1 0
1.383987 0.5 0.5 2 1 0
1.3804055 0.5 0.5 2 1 0
1.3768241 0.5 0.5 2 1 0
1.3732426 0.5 0.5 2 1 0
1.3696611 0.5 0.5 2 1 0
1.3660797 0.5 0.5 2 1 0
1.3624982 0.5 0.5 2 1 0
1.3589167 0.5 0.5 2 1 0
1.3553352 0.5 0.5 2 1 0
1.3517538 0.5 0.5 2 1 0
1.3481723 0.5 0.5 2 1 0
1.3445908 0.5 0.5 2 1 0
1.3410094 0.5 0.5 2 1 0
1.3374279 0.5 0.5 2 1 0
1.3338464 0.5 0.5 2 1 0
1.330265 0.5 0.5 2 1 0
1.3266835 0.5 0.5 2 1 0
1.323102 0.5 0.5 2 1 0
1.3195205 0.5 0.5 2 1 0
1.3159391 0.5 0.5 2 1 0
1.3123576 0.5 0.5 2 1 0
1.3087761 0.5 0.5 2 1 0
1.3051947 0.5 0.5 2 1 0
1.3016132 0.5 0.5 2 1 0
1.2980317 0.5 0.5 2 1 0
1.2944502 0.5 0.5 2 1 0
1.2908688 0.5 0.5 2 1 0
1.2872873 0.5 0.5 2 1 0
1.2872873 0.5 0.5 1 2 0
1.2862863 0.5 0.5 1 2 0
1.2852853 0.5 0.5 1 2 0
1.2842843 0.5 0.5 1 2 0
1.2832833 0.5 0.5 1 2 0
1.2822823 0.5 0.5 1 2 0
1.2812813 0.5 0.5 1 2 0
1.2802803 0.5 0.5 1 2 0
1.2792793 0.5 0.5 1 2 0
1.2782783 0.5 0.5 1 2 0
1.2772773 0.5 0.5 1 2 0
1.2762763 0.5 0.5 1 2 0
1.2752753 0.5 0.5 1 2 0
1.2742743 0.5 0.5 1 2 0
1.2732733 0.5 0.5 1 2 0
1.2722723 0.5 0.5 1 2 0
1.2712713 0.5 0.5 1 2 0
1.2702703 0.5 0.5 1 2 0
1.2692693 0.5 0.5 1 2 0
1.2682683 0.5 0.5 1 2 0
1.2672673 0.5 0.5 1 2 0
1.2662663 0.5 0.5 1 2 0
1.2652653 0.5 0.5 1 2 0
1.2642643 0.5 0.5 1 2 0
1.2632633 0.5 0.5 1 2 0
1.2622623 0.5 0.5 1 2 0
1.2612613 0.5 0.5 1 2 0
1.2602603 0.5 0.5 1 2 0
1.2592593 0.5 0.5 1 2 0
1.2582583 0.5 0.5 1 2 0
1.2572573 0.5 0.5 1 2 0
1.2562563 0.5 0.5 1 2 0
1.2552553 0.5 0.5 1 2 0
1.2542543 0.5 0.5 1 2 0
1.2532533 0.5 0.5 1 2 0
1.2522523 0.5 0.5 1 2 0
1.2512513 0.5 0.5 1 2 0
1.2502503 0.5 0.5 1 2 0
1.2492492 0.5 0.5 1 2 0
1.2482482 0.5 0.5 1 2 0
1.2472472 0.5 0.5 1 2 0
1.2462462 0.5 0.5 1 2 0
1.2452452 0.5 0.5 1 2 0
1.2442442 0.5 0.5 1 2 0
1.2432432 0.5 0.5 1 2 0
1.2422422 0.5 0.5 1 2 0
1.2412412 0.5 0.5 1 2 0
1.2402402 0.5 0.5 1 2 0
1.2392392 0.5 0.5 1 2 0
1.2382382 0.5 0.5 1 2 0
1.2372372 0.5 0.5 1 2 0
1.2362362 0.5 0.5 1 2 0
1.2352352 0.5 0.5 1 2 0
1.2342342 0.5 0.5 1 2 0
1.2332332 0.5 0.5 1 2 0
1.2322322 0.5 0.5 1 2 0
1.2312312 0.5 0.5 1 2 0
1.2302302 0.5 0.5 1 2 0
1.2292292 0.5 0.5 1 2 0
1.2282282 0.5 0.5 1 2 0
1.2272272 0.5 0.5 1 2 0
1.2262262 0.5 0.5 1 2 0
1.2252252 0.5 0.5 1 2 0
1.2242242 0.5 0.5 1 2 0
1.2232232 0.5 0.5 1 2 0
1.2222222 0.5 0.5 1 2 0
1.2212212 0.5 0.5 1 2 0
1.2202202 0.5 0.5 1 2 0
1.2192192 0.5 0.5 1 2 0
1.2182182 0.5 0.5 1 2 0
1.2172172 0.5 0.5 1 2 0
1.2162162 0.5 0.5 1 2 0
1.2152152 0.5 0.5 1 2 0
1.2142142 0.5 0.5 1 2 0
1.2132132 0.5 0.5 1 2 0
1.2122122 0.5 0.5 1 2 0
1.2112112 0.5 0.5 1 2 0
1.2102102 0.5 0.5 1 2 0
1.2092092 0.5 0.5 1 2 0
1.2082082 0.5 0.5 1 2 0
1.2072072 0.5 0.5 1 2 0
1.2062062 0.5 0.5 1 2 0
1.2052052 0.5 0.5 1 2 0
1.2042042 0.5 0.5 1 2 0
1.2032032 0.5 0.5 1 2 0
1.2022022 0.5 0.5 1 2 0
1.2012012 0.5 0.5 1 2 0
1.2002002 0.5 0.5 1 2 0
1.1991992 0.5 0.5 1 2 0
1.1981982 0.5 0.5 1 2 0
1.1971972 0.5 0.5 1 2 0
1.1961962 0.5 0.5 1 2 0
1.1951952 0.5 0.5 1 2 0
1.1941942 0.5 0.5 1 2 0
1.1931932 0.5 0.5 1 2 0
1.1921922 0.5 0.5 1 2 0
1.1911912 0.5 0.5 1 2 0
1.1901902 0.5 0.5 1 2 0
1.1891892 0.5 0.5 1 2 0
1.1881882 0.5 0.5 1 2 0
1.1871872 0.5 0.5 1 2 0
1.1861862 0.5 0.5 1 2 0
1.1851852 0.5 0.5 1 2 0
1.1841842 0.5 0.5 1 2 0
1.1831832 0.5 0.5 1 2 0
1.1821822 0.5 0.5 1 2 0
1.1811812 0.5 0.5 1 2 0
1.1801802 0.5 0.5 1 2 0
1.1791792 0.5 0.5 1 2 0
1.1781782 0.5 0.5 1 2 0
1.1771772 0.5 0.5 1 2 0
1.1761762 0.5 0.5 1 2 0
1.1751752 0.5 0.5 1 2 0
1.1741742 0.5 0.5 1 2 0
1.1731732 0.5 0.5 1 2 0
1.1721722 0.5 0.5 1 2 0
1.1711712 0.5 0.5 1 2 0
1.1701702 0.5 0.5 1 2 0
1.1691692 0.5 0.5 1 2 0
1.1681682 0.5 0.5 1 2 0
1.1671672 0.5 0.5 1 2 0
1.1661662 0.5 0.5 1 2 0
1.1651652 0.5 0.5 1 2 0
1.1641642 0.5 0.5 1 2 0
1.1631632 0.5 0.5 1 2 0
1.1621622 0.5 0.5 1 2 0
1.1611612 0.5 0.5 1 2 0
1.1601602 0.5 0.5 1 2 0
1.1591592 0.5 0.5 1 2 0
1.1581582 0.5 0.5 1 2 0
1.1571572 0.5 0.5 1 2 0
1.1561562 0.5 0.5 1 2 0
1.1551552 0.5 0.5 1 2 0
1.1541542 0.5 0.5 1 2 0
1.1531532 0.5 0.5 1 2 0
1.1521522 0.5 0.5 1 2 0
1.1511512 0.5 0.5 1 2 0
1.1501502 0.5 0.5 1 2 0
1.1491491 0.5 0.5 1 2 0
1.1481481 0.5 0.5 1 2 0
1.1471471 0.5 0.5 1 2 0
1.1461461 0.5 0.5 1 2 0
1.1451451 0.5 0.5 1 2 0
1.1441441 0.5 0.5 1 2 0
1.1431431 0.5 0.5 1 2 0
1.1421421 0.5 0.5 1 2 0
1.1411411 0.5 0.5 1 2 0
1.1401401 0.5 0.5 1 2 0
1.1391391 0.5 0.5 1 2 0
1.1381381 0.5 0.5 1 2 0
1.1371371 0.5 0.5 1 2 0
1.1361361 0.5 0.5 1 2 0
1.1351351 0.5 0.5 1 2 0
1.1341341 0.5 0.5 1 2 0
1.1331331 0.5 0.5 1 2 0
1.1321321 0.5 0.5 1 2 0
1.1311311 0.5 0.5 1 2 0
1.1301301 0.5 0.5 1 2 0
1.1291291 0.5 0.5 1 2 0
1.1281281 0.5 0.5 1 2 0
1.1271271 0.5 0.5 1 2 0
1.1261261 0.5 0.5 1 2 0
1.1251251 0.5 0.5 1 2 0
1.1241241 0.5 0.5 1 2 0
1.1231231 0.5 0.5 1 2 0
1.1221221 0.5 0.5 1 2 0
1.1211211 0.5 0.5 1 2 0
1.1201201 0.5 0.5 1 2 0
1.1191191 0.5 0.5 1 2 0
1.1181181 0.5 0.5 1 2 0
1.1171171 0.5 0.5 1 2 0
1.1161161 0.5 0.5 1 2 0
1.1151151 0.5 0.5 1 2 0
1.1141141 0.5 0.5 1 2 0
1.1131131 0.5 0.5 1 2 0
1.1121121 0.5 0.5 1 2 0
1.1111111 0.5 0.5 1 2 0
1.1101101 0.5 0.5 1 2 0
1.1091091 0.5 0.5 1 2 0
1.1081081 0.5 0.5 1 2 0
1.1071071 0.5 0.5 1 2 0
1.1061061 0.5 0.5 1 2 0
1.1051051 0.5 0.5 1 2 0
1.1041041 0.5 0.5 1 2 0
1.1031031 0.5 0.5 1 2 0
1.1021021 0.5 0.5 1 2 0
1.1011011 0.5 0.5 1 2 0
1.1001001 0.5 0.5 1 2 0
1.0990991 0.5 0.5 1 2 0
1.0980981 0.5 0.5 1 2 0
1.0970971 0.5 0.5 1 2 0
1.0960961 0.5 0.5 1 2 0
1.0950951 0.5 0.5 1 2 0
1.0940941 0.5 0.5 1 2 0
1.0930931 0.5 0.5 1 2 0
1.0920921 0.5 0.5 1 2 0
1.0910911 0.5 0.5 1 2 0
1.0900901 0.5 0.5 1 2 0
1.0890891 0.5 0.5 1 2 0
1.0880881 0.5 0.5 1 2 0
1.0870871 0.5 0.5 1 2 0
1.0860861 0.5 0.5 1 2 0
1.0850851 0.5 0.5 1 2 0
1.0840841 0.5 0.5 1 2 0
1.0830831 0.5 0.5 1 2 0
1.0820821 0.5 0.5 1 2 0
1.0810811 0.5 0.5 1 2 0
1.0800801 0.5 0.5 1 2 0
1.0790791 0.5 0.5 1 2 0
1.0780781 0.5 0.5 1 2 0
1.0770771 0.5 0.5 1 2 0
1.0760761 0.5 0.5 1 2 0
1.0750751 0.5 0.5 1 2 0
1.0740741 0.5 0.5 1 2 0
1.0730731 0.5 0.5 1 2 0
1.0720721 0.5 0.5 1 2 0
1.0710711 0.5 0.5 1 2 0
1.0700701 0.5 0.5 1 2 0
1.0690691 0.5 0.5 1 2 0
1.0680681 0.5 0.5 1 2 0
1.0670671 0.5 0.5 1 2 0
1.0660661 0.5 0.5 1 2 0
1.0650651 0.5 0.5 1 2 0
1.0640641 0.5 0.5 1 2 0
1.0630631 0.5 0.5 1 2 0
1.0620621 0.5 0.5 1 2 0
1.0610611 0.5 0.5 1 2 0
1.0600601 0.5 0.5 1 2 0
1.0590591 0.5 0.5 1 2 0
1.0580581 0.5 0.5 1 2 0
1.0570571 0.5 0.5 1 2 0
1.0560561 0.5 0.5 1 2 0
1.0550551 0.5 0.5 1 2 0
1.0540541 0.5 0.5 1 2 0
1.0530531 0.5 0.5 1 2 0
1.0520521 0.5 0.5 1 2 0
1.0510511 0.5 0.5 1 2 0
1.0500501 0.5 0.5 1 2 0
1.049049 0.5 0.5 1 2 0
1.048048 0.5 0.5 1 2 0
1.047047 0.5 0.5 1 2 0
1.046046 0.5 0.5 1 2 0
1.045045 0.5 0.5 1 2 0
1.044044 0.5 0.5 1 2 0
1.043043 0.5 0.5 1 2 0
1.042042 0.5 0.5 1 2 0
1.041041 0.5 0.5 1 2 0
1.04004 0.5 0.5 1 2 0
1.039039 0.5 0.5 1 2 0
1.038038 0.5 0.5 1 2 0
1.037037 0.5 0.5 1 2 0
1.036036 0.5 0.5 1 2 0
1.035035 0.5 0.5 1 2 0
1.034034 0.5 0.5 1 2 0
1.033033 0.5 0.5 1 2 0
1.032032 0.5 0.5 1 2 0
1.031031 0.5 0.5 1 2 0
1.03003 0.5 0.5 1 2 0
1.029029 0.5 0.5 1 2 0
1.028028 0.5 0.5 1 2 0
1.027027 0.5 0.5 1 2 0
1.026026 0.5 0.5 1 2 0
1.025025 0.5 0.5 1 2 0
1.024024 0.5 0.5 1 2 0
1.023023 0.5 0.5 1 2 0
1.022022 0.5 0.5 1 2 0
1.021021 0.5 0.5 1 2 0
1.02002 0.5 0.5 1 2 0
1.019019 0.5 0.5 1 2 0
1.018018 0.5 0.5 1 2 0
1.017017 0.5 0.5 1 2 0
1.016016 0.5 0.5 1 2 0
1.015015 0.5 0.5 1 2 0
1.014014 0.5 0.5 1 2 0
1.013013 0.5 0.5 1 2 0
1.012012 0.5 0.5 1 2 0
1.011011 0.5 0.5 1 2 0
1.01001 0.5 0.5 1 2 0
1.2872873 0.5 0.5 2 2 0
1.2872873 0.5269004 0.5269004 2 2 0
1.2862863 0.5384737 0.5384737 2 2 0
1.2852853 0.5465619 0.5465619 2 2 0
1.2842843 0.5527864 0.5527864 2 2 0
1.2832833 0.56121 0.56121 2 2 0
1.2822823 0.5686997 0.5686997 2 2 0
1.2812813 0.5749978 0.5749978 2 2 0
1.2802803 0.5803702 0.5803702 2 2 0
1.2792793 0.5850068 0.5850068 2 2 0
1.2782783 0.5890092 0.5890092 2 2 0
1.2772773 0.592458 0.592458 2 2 0
1.2762763 0.5972019 0.5972019 2 2 0
1.2752753 0.6020625 0.6020625 2 2 0
1.2742743 0.6063739 0.6063739 2 2 0
1.2732733 0.6102062 0.6102062 2 2 0
1.2722723 0.6136015 0.6136015 2 2 0
1.2712713 0.6165995 0.6165995 2 2 0
1.2702703 0.6192284 0.6192284 2 2 0
1.2692693 0.6230615 0.6230615 2 2 0
1.2682683 0.6268577 0.6268577 2 2 0
1.2672673 0.6302769 0.6302769 2 2 0
1.2662663 0.6333477 0.6333477 2 2 0
1.2652653 0.6360938 0.6360938 2 2 0
1.2642643 0.6385282 0.6385282 2 2 0
1.2632633 0.6408523 0.6408523 2 2 0
1.2622623 0.6443062 0.6443062 2 2 0
1.2612613 0.6474437 0.6474437 2 2 0
1.2602603 0.6502838 0.6502838 2 2 0
1.2592593 0.6528417 0.6528417 2 2 0
1.2582583 0.6551293 0.6551293 2 2 0
1.2572573 0.6571575 0.6571575 2 2 0
1.2562563 0.6597951 0.6597951 2 2 0
1.2552553 0.6627043 0.6627043 2 2 0
1.2542543 0.6653502 0.6653502 2 2 0
1.2532533 0.6677447 0.6677447 2 2 0
1.2522523 0.6698974 0.6698974 2 2 0
1.2512513 0.6718145 0.6718145 2 2 0
1.2502503 0.673892 0.673892 2 2 0
1.2492492 0.6765966 0.6765966 2 2 0
1.2482482 0.6790662 0.6790662 2 2 0
1.2472472 0.6813041 0.6813041 2 2 0
1.2462462 0.6833215 0.6833215 2 2 0
1.2452452 0.6851246 0.6851246 2 2 0
1.2442442 0.6869317 0.6869317 2 2 0
1.2432432 0.6894436 0.6894436 2 2 0
1.2422422 0.6917395 0.6917395 2 2 0
1.2412412 0.6938244 0.6938244 2 2 0
1.2402402 0.6957032 0.6957032 2 2 0
1.2392392 0.697382 0.697382 2 2 0
1.2382382 0.6991235 0.6991235 2 2 0
1.2372372 0.7014474 0.7014474 2 2 0
1.2362362 0.7035706 0.7035706 2 2 0
1.2352352 0.7054973 0.7054973 2 2 0
1.2342342 0.7072326 0.7072326 2 2 0
1.2332332 0.7087794 0.7087794 2 2 0
1.2322322 0.7106012 0.7106012 2 2 0
1.2312312 0.7127385 0.7127385 2 2 0
1.2302302 0.7146866 0.7146866 2 2 0
1.2292292 0.7164503 0.7164503 2 2 0
1.2282282 0.7180347 0.7180347 2 2 0
1.2272272 0.7194382 0.7194382 2 2 0
1.2262262 0.7214515 0.7214515 2 2 0
1.2252252 0.7233987 0.7233987 2 2 0
1.2242242 0.7251688 0.7251688 2 2 0
1.2232232 0.7267634 0.7267634 2 2 0
1.2222222 0.7281866 0.7281866 2 2 0
1.2212212 0.7298009 0.7298009 2 2 0
1.2202202 0.7317264 0.7317264 2 2 0
1.2192192 0.7334801 0.7334801 2 2 0
1.2182182 0.7350667 0.7350667 2 2 0
1.2172172 0.7364846 0.7364846 2 2 0
1.2162162 0.7378483 0.7378483 2 2 0
1.2152152 0.7397341 0.7397341 2 2 0
1.2142142 0.7414539 0.7414539 2 2 0
1.2132132 0.7430121 0.7430121 2 2 0
1.2122122 0.7444061 0.7444061 2 2 0
1.2112112 0.7456431 0.7456431 2 2 0
1.2102102 0.7474666 0.7474666 2 2 0
1.2092092 0.7491367 0.7491367 2 2 0
1.2082082 0.7506468 0.7506468 2 2 0
1.2072072 0.7520022 0.7520022 2 2 0
1.2062062 0.7532005 0.7532005 2 2 0
1.2052052 0.754955 0.754955 2 2 0
1.2042042 0.756557 0.756557 2 2 0
1.2032032 0.7580076 0.7580076 2 2 0
1.2022022 0.7593029 0.7593029 2 2 0
1.2012012 0.7605373 0.7605373 2 2 0
1.2002002 0.7622128 0.7622128 2 2 0
1.1991992 0.7637358 0.7637358 2 2 0
1.1981982 0.7651095 0.7651095 2 2 0
1.1971972 0.7663331 0.7663331 2 2 0
1.1961962 0.7676714 0.7676714 2 2 0
1.1951952 0.7692498 0.7692498 2 2 0
1.1941942 0.7706799 0.7706799 2 2 0
1.1931932 0.7719647 0.7719647 2 2 0
1.1921922 0.7731026 0.7731026 2 2 0
1.1911912 0.7745948 0.7745948 2 2 0
1.1901902 0.7760655 0.7760655 2 2 0
1.1891892 0.7773898 0.7773898 2 2 0
1.1881882 0.7785718 0.7785718 2 2 0
1.1871872 0.7798077 0.7798077 2 2 0
1.1861862 0.7813002 0.7813002 2 2 0
1.1851852 0.7826505 0.7826505 2 2 0
1.1841842 0.7838601 0.7838601 2 2 0
1.1831832 0.7849289 0.7849289 2 2 0
1.1821822 0.7864138 0.7864138 2 2 0
1.1811812 0.7877742 0.7877742 2 2 0
1.1801802 0.7889958 0.7889958 2 2 0
1.1791792 0.7900773 0.7900773 2 2 0
1.1781782 0.7914255 0.7914255 2 2 0
1.1771772 0.7927814 0.7927814 2 2 0
1.1761762 0.7940001 0.7940001 2 2 0
1.1751752 0.7950805 0.7950805 2 2 0
1.1741742 0.7963482 0.7963482 2 2 0
1.1731732 0.7976859 0.7976859 2 2 0
1.1721722 0.7988881 0.7988881 2 2 0
1.1711712 0.7999544 0.7999544 2 2 0
1.1701702 0.8011894 0.8011894 2 2 0
1.1691692 0.8024961 0.8024961 2 2 0
1.1681682 0.8036689 0.8036689 2 2 0
1.1671672 0.8047076 0.8047076 2 2 0
1.1661662 0.8059515 0.8059515 2 2 0
1.1651652 0.8072158 0.8072158 2 2 0
1.1641642 0.8083473 0.8083473 2 2 0
1.1631632 0.8093463 0.8093463 2 2 0
1.1621622 0.8106312 0.8106312 2 2 0
1.1611612 0.8118432 0.8118432 2 2 0
1.1601602 0.8129231 0.8129231 2 2 0
1.1591592 0.8139484 0.8139484 2 2 0
1.1581582 0.8152261 0.8152261 2 2 0
1.1571572 0.8163731 0.8163731 2 2 0
1.1561562 0.8173896 0.8173896 2 2 0
1.1551552 0.8185231 0.8185231 2 2 0
1.1541542 0.8197262 0.8197262 2 2 0
1.1531532 0.8207993 0.8207993 2 2 0
1.1521522 0.8217564 0.8217564 2 2 0
1.1511512 0.8230042 0.8230042 2 2 0
1.1501502 0.8241214 0.8241214 2 2 0
1.1491491 0.82511 0.82511 2 2 0
1.1481481 0.8262224 0.8262224 2 2 0
1.1471471 0.8273736 0.8273736 2 2 0
1.1461461 0.8283966 0.8283966 2 2 0
1.1451451 0.8293968 0.8293968 2 2 0
1.1441441 0.8305715 0.8305715 2 2 0
1.1431431 0.8316186 0.8316186 2 2 0
1.1421421 0.8325387 0.8325387 2 2 0
1.1411411 0.8337258 0.8337258 2 2 0
1.1401401 0.8347869 0.8347869 2 2 0
1.1391391 0.8357203 0.8357203 2 2 0
1.1381381 0.8368441 0.8368441 2 2 0
1.1371371 0.8379095 0.8379095 2 2 0
1.1361361 0.8388475 0.8388475 2 2 0
1.1351351 0.8399312 0.8399312 2 2 0
1.1341341 0.8409917 0.8409917 2 2 0
1.1331331 0.8419251 0.8419251 2 2 0
1.1321321 0.8429899 0.8429899 2 2 0
1.1311311 0.8440361 0.8440361 2 2 0
1.1301301 0.8449562 0.8449562 2 2 0
1.1291291 0.8460203 0.8460203 2 2 0
1.1281281 0.847044 0.847044 2 2 0
1.1271271 0.8479419 0.8479419 2 2 0
1.1261261 0.8490213 0.8490213 2 2 0
1.1251251 0.8500144 0.8500144 2 2 0
1.1241241 0.8509099 0.8509099 2 2 0
1.1231231 0.8519898 0.8519898 2 2 0
1.1221221 0.8529437 0.8529437 2 2 0
1.1211211 0.8538876 0.8538876 2 2 0
1.1201201 0.8549205 0.8549205 2 2 0
1.1191191 0.8558275 0.8558275 2 2 0
1.1181181 0.8568292 0.8568292 2 2 0
1.1171171 0.8578074 0.8578074 2 2 0
1.1161161 0.8586856 0.8586856 2 2 0
1.1151151 0.859727 0.859727 2 2 0
1.1141141 0.8606431 0.8606431 2 2 0
1.1131131 0.8616 0.8616 2 2 0
1.1121121 0.8625722 0.8625722 2 2 0
1.1111111 0.8634383 0.8634383 2 2 0
1.1101101 0.864459 0.864459 2 2 0
1.1091091 0.8653547 0.8653547 2 2 0
1.1081081 0.8663138 0.8663138 2 2 0
1.1071071 0.8672515 0.8672515 2 2 0
1.1061061 0.8681451 0.8681451 2 2 0
1.1051051 0.869118 0.869118 2 2 0
1.1041041 0.8699654 0.8699654 2 2 0
1.1031031 0.8709611 0.8709611 2 2 0
1.1021021 0.8718364 0.8718364 2 2 0
1.1011011 0.8727859 0.8727859 2 2 0
1.1001001 0.8736837 0.8736837 2 2 0
1.0990991 0.874598 0.874598 2 2 0
1.0980981 0.8755121 0.8755121 2 2 0
1.0970971 0.8764012 0.8764012 2 2 0
1.0960961 0.8773253 0.8773253 2 2 0
1.0950951 0.8781978 0.8781978 2 2 0
1.0940941 0.8791261 0.8791261 2 2 0
1.0930931 0.8799893 0.8799893 2 2 0
1.0920921 0.8809154 0.8809154 2 2 0
1.0910911 0.8817748 0.8817748 2 2 0
1.0900901 0.8826936 0.8826936 2 2 0
1.0890891 0.8835558 0.8835558 2 2 0
1.0880881 0.8844617 0.8844617 2 2 0
1.0870871 0.8853313 0.8853313 2 2 0
1.0860861 0.8862189 0.8862189 2 2 0
1.0850851 0.8870998 0.8870998 2 2 0
1.0840841 0.8879634 0.8879634 2 2 0
1.2872873 0.5 0.5 2 2 0
1.2872873 0.4730996 0.4730996 2 2 0
1.2862863 0.4615263 0.4615263 2 2 0
1.2852853 0.4534381 0.4534381 2 2 0
1.2842843 0.4472136 0.4472136 2 2 0
1.2832833 0.43879 0.43879 2 2 0
1.2822823 0.4313003 0.4313003 2 2 0
1.2812813 0.4250022 0.4250022 2 2 0
1.2802803 0.4196298 0.4196298 2 2 0
1.2792793 0.4149932 0.4149932 2 2 0
1.2782783 0.4109908 0.4109908 2 2 0
1.2772773 0.407542 0.407542 2 2 0
1.2762763 0.4027981 0.4027981 2 2 0
1.2752753 0.3979375 0.3979375 2 2 0
1.2742743 0.3936261 0.3936261 2 2 0
1.2732733 0.3897938 0.3897938 2 2 0
1.2722723 0.3863985 0.3863985 2 2 0
1.2712713 0.3834005 0.3834005 2 2 0
1.2702703 0.3807716 0.3807716 2 2 0
1.2692693 0.3769385 0.3769385 2 2 0
1.2682683 0.3731423 0.3731423 2 2 0
1.2672673 0.3697231 0.3697231 2 2 0
1.2662663 0.3666523 0.3666523 2 2 0
1.2652653 0.3639062 0.3639062 2 2 0
1.2642643 0.3614718 0.3614718 2 2 0
1.2632633 0.3591477 0.3591477 2 2 0
1.2622623 0.3556938 0.3556938 2 2 0
1.2612613 0.3525563 0.3525563 2 2 0
1.2602603 0.3497162 0.3497162 2 2 0
1.2592593 0.3471583 0.3471583 2 2 0
1.2582583 0.3448707 0.3448707 2 2 0
1.2572573 0.3428425 0.3428425 2 2 0
1.2562563 0.3402049 0.3402049 2 2 0
1.2552553 0.3372957 0.3372957 2 2 0
1.2542543 0.3346498 0.3346498 2 2 0
1.2532533 0.3322553 0.3322553 2 2 0
1.2522523 0.3301026 0.3301026 2 2 0
1.2512513 0.3281855 0.3281855 2 2 0
1.2502503 0.326108 0.326108 2 2 0
1.2492492 0.3234034 0.3234034 2 2 0
1.2482482 0.3209338 0.3209338 2 2 0
1.2472472 0.3186959 0.3186959 2 2 0
1.2462462 0.3166785 0.3166785 2 2 0
1.2452452 0.3148754 0.3148754 2 2 0
1.2442442 0.3130683 0.3130683 2 2 0
1.2432432 0.3105564 0.3105564 2 2 0
1.2422422 0.3082605 0.3082605 2 2 0
1.2412412 0.3061756 0.3061756 2 2 0
1.2402402 0.3042968 0.3042968 2 2 0
1.2392392 0.302618 0.302618 2 2 0
1.2382382 0.3008765 0.3008765 2 2 0
1.2372372 0.2985526 0.2985526 2 2 0
1.2362362 0.2964294 0.2964294 2 2 0
1.2352352 0.2945027 0.2945027 2 2 0
1.2342342 0.2927674 0.2927674 2 2 0
1.2332332 0.2912206 0.2912206 2 2 0
1.2322322 0.2893988 0.2893988 2 2 0
1.2312312 0.2872615 0.2872615 2 2 0
1.2302302 0.2853134 0.2853134 2 2 0
1.2292292 0.2835497 0.2835497 2 2 0
1.2282282 0.2819653 0.2819653 2 2 0
1.2272272 0.2805618 0.2805618 2 2 0
1.2262262 0.2785485 0.2785485 2 2 0
1.2252252 0.2766013 0.2766013 2 2 0
1.2242242 0.2748312 0.2748312 2 2 0
1.2232232 0.2732366 0.2732366 2 2 0
1.2222222 0.2718134 0.2718134 2 2 0
1.2212212 0.2701991 0.2701991 2 2 0
1.2202202 0.2682736 0.2682736 2 2 0
1.2192192 0.2665199 0.2665199 2 2 0
1.2182182 0.2649333 0.2649333 2 2 0
1.2172172 0.2635154 0.2635154 2 2 0
1.2162162 0.2621517 0.2621517 2 2 0
1.2152152 0.2602659 0.2602659 2 2 0
1.2142142 0.2585461 0.2585461 2 2 0
1.2132132 0.2569879 0.2569879 2 2 0
1.2122122 0.2555939 0.2555939 2 2 0
1.2112112 0.2543569 0.2543569 2 2 0
1.2102102 0.2525334 0.2525334 2 2 0
1.2092092 0.2508633 0.2508633 2 2 0
1.2082082 0.2493532 0.2493532 2 2 0
1.2072072 0.2479978 0.2479978 2 2 0
1.2062062 0.2467995 0.2467995 2 2 0
1.2052052 0.245045 0.245045 2 2 0
1.2042042 0.243443 0.243443 2 2 0
1.2032032 0.2419924 0.2419924 2 2 0
1.2022022 0.2406971 0.2406971 2 2 0
1.2012012 0.2394627 0.2394627 2 2 0
1.2002002 0.2377872 0.2377872 2 2 0
1.1991992 0.2362642 0.2362642 2 2 0
1.1981982 0.2348905 0.2348905 2 2 0
1.1971972 0.2336669 0.2336669 2 2 0
1.1961962 0.2323286 0.2323286 2 2 0
1.1951952 0.2307502 0.2307502 2 2 0
1.1941942 0.2293201 0.2293201 2 2 0
1.1931932 0.2280353 0.2280353 2 2 0
1.1921922 0.2268974 0.2268974 2 2 0
1.1911912 0.2254052 0.2254052 2 2 0
1.1901902 0.2239345 0.2239345 2 2 0
1.1891892 0.2226102 0.2226102 2 2 0
1.1881882 0.2214282 0.2214282 2 2 0
1.1871872 0.2201923 0.2201923 2 2 0
1.1861862 0.2186998 0.2186998 2 2 0
1.1851852 0.2173495 0.2173495 2 2 0
1.1841842 0.2161399 0.2161399 2 2 0
1.1831832 0.2150711 0.2150711 2 2 0
1.1821822 0.2135862 0.2135862 2 2 0
1.1811812 0.2122258 0.2122258 2 2 0
1.1801802 0.2110042 0.2110042 2 2 0
1.1791792 0.2099227 0.2099227 2 2 0
1.1781782 0.2085745 0.2085745 2 2 0
1.1771772 0.2072186 0.2072186 2 2 0
1.1761762 0.2059999 0.2059999 2 2 0
1.1751752 0.2049195 0.2049195 2 2 0
1.1741742 0.2036518 0.2036518 2 2 0
1.1731732 0.2023141 0.2023141 2 2 0
1.1721722 0.2011119 0.2011119 2 2 0
1.1711712 0.2000456 0.2000456 2 2 0
1.1701702 0.1988106 0.1988106 2 2 0
1.1691692 0.1975039 0.1975039 2 2 0
1.1681682 0.1963311 0.1963311 2 2 0
1.1671672 0.1952924 0.1952924 2 2 0
1.1661662 0.1940485 0.1940485 2 2 0
1.1651652 0.1927842 0.1927842 2 2 0
1.1641642 0.1916527 0.1916527 2 2 0
1.1631632 0.1906537 0.1906537 2 2 0
1.1621622 0.1893688 0.1893688 2 2 0
1.1611612 0.1881568 0.1881568 2 2 0
1.1601602 0.1870769 0.1870769 2 2 0
1.1591592 0.1860516 0.1860516 2 2 0
1.1581582 0.1847739 0.1847739 2 2 0
1.1571572 0.1836269 0.1836269 2 2 0
1.1561562 0.1826104 0.1826104 2 2 0
1.1551552 0.1814769 0.1814769 2 2 0
1.1541542 0.1802738 0.1802738 2 2 0
1.1531532 0.1792007 0.1792007 2 2 0
1.1521522 0.1782436 0.1782436 2 2 0
1.1511512 0.1769958 0.1769958 2 2 0
1.1501502 0.1758786 0.1758786 2 2 0
1.1491491 0.17489 0.17489 2 2 0
1.1481481 0.1737776 0.1737776 2 2 0
1.1471471 0.1726264 0.1726264 2 2 0
1.1461461 0.1716034 0.1716034 2 2 0
1.1451451 0.1706032 0.1706032 2 2 0
1.1441441 0.1694285 0.1694285 2 2 0
1.1431431 0.1683814 0.1683814 2 2 0
1.1421421 0.1674613 0.1674613 2 2 0
1.1411411 0.1662742 0.1662742 2 2 0
1.1401401 0.1652131 0.1652131 2 2 0
1.1391391 0.1642797 0.1642797 2 2 0
1.1381381 0.1631559 0.1631559 2 2 0
1.1371371 0.1620905 0.1620905 2 2 0
1.1361361 0.1611525 0.1611525 2 2 0
1.1351351 0.1600688 0.1600688 2 2 0
1.1341341 0.1590083 0.1590083 2 2 0
1.1331331 0.1580749 0.1580749 2 2 0
1.1321321 0.1570101 0.1570101 2 2 0
1.1311311 0.1559639 0.1559639 2 2 0
1.1301301 0.1550438 0.1550438 2 2 0
1.1291291 0.1539797 0.1539797 2 2 0
1.1281281 0.152956 0.152956 2 2 0
1.1271271 0.1520581 0.1520581 2 2 0
1.1261261 0.1509787 0.1509787 2 2 0
1.1251251 0.1499856 0.1499856 2 2 0
1.1241241 0.1490901 0.1490901 2 2 0
1.1231231 0.1480102 0.1480102 2 2 0
1.1221221 0.1470563 0.1470563 2 2 0
1.1211211 0.1461124 0.1461124 2 2 0
1.1201201 0.1450795 0.1450795 2 2 0
1.1191191 0.1441725 0.1441725 2 2 0
1.1181181 0.1431708 0.1431708 2 2 0
1.1171171 0.1421926 0.1421926 2 2 0
1.1161161 0.1413144 0.1413144 2 2 0
1.1151151 0.140273 0.140273 2 2 0
1.1141141 0.1393569 0.1393569 2 2 0
1.1131131 0.1384 0.1384 2 2 0
1.1121121 0.1374278 0.1374278 2 2 0
1.1111111 0.1365617 0.1365617 2 2 0
1.1101101 0.135541 0.135541 2 2 0
1.1091091 0.1346453 0.1346453 2 2 0
1.1081081 0.1336862 0.1336862 2 2 0
1.1071071 0.1327485 0.1327485 2 2 0
1.1061061 0.1318549 0.1318549 2 2 0
1.1051051 0.130882 0.130882 2 2 0
1.1041041 0.1300346 0.1300346 2 2 0
1.1031031 0.1290389 0.1290389 2 2 0
1.1021021 0.1281636 0.1281636 2 2 0
1.1011011 0.1272141 0.1272141 2 2 0
1.1001001 0.1263163 0.1263163 2 2 0
1.0990991 0.125402 0.125402 2 2 0
1.0980981 0.1244879 0.1244879 2 2 0
1.0970971 0.1235988 0.1235988 2 2 0
1.0960961 0.1226747 0.1226747 2 2 0
1.0950951 0.1218022 0.1218022 2 2 0
1.0940941 0.1208739 0.1208739 2 2 0
1.0930931 0.1200107 0.1200107 2 2 0
1.0920921 0.1190846 0.1190846 2 2 0
1.0910911 0.1182252 0.1182252 2 2 0
1.0900901 0.1173064 0.1173064 2 2 0
1.0890891 0.1164442 0.1164442 2 2 0
1.0880881 0.1155383 0.1155383 2 2 0
1.0870871 0.1146687 0.1146687 2 2 0
1.0860861 0.1137811 0.1137811 2 2 0
1.0850851 0.1129002 0.1129002 2 2 0
1.0840841 0.1120366 0.1120366 2 2 0
