2.0 0.5 0.5 2 1 0
1.9979648 0.5 0.5 2 1 0
1.9959296 0.5 0.5 2 1 0
1.9938945 0.5 0.5 2 1 0
1.9918593 0.5 0.5 2 1 0
1.9898241 0.5 0.5 2 1 0
1.9877889 0.5 0.5 2 1 0
1.9857538 0.5 0.5 2 1 0
1.9837186 0.5 0.5 2 1 0
1.9816834 0.5 0.5 2 1 0
1.9796482 0.5 0.5 2 1 0
1.9776131 0.5 0.5 2 1 0
1.9755779 0.5 0.5 2 1 0
1.9735427 0.5 0.5 2 1 0
1.9715075 0.5 0.5 2 1 0
1.9694724 0.5 0.5 2 1 0
1.9674372 0.5 0.5 2 1 0
1.965402 0.5 0.5 2 1 0
1.9633668 0.5 0.5 2 1 0
1.9613317 0.5 0.5 2 1 0
1.9592965 0.5 0.5 2 1 0
1.9572613 0.5 0.5 2 1 0
1.9552261 0.5 0.5 2 1 0
1.953191 0.5 0.5 2 1 0
1.9511558 0.5 0.5 2 1 0
1.9491206 0.5 0.5 2 1 0
1.9470854 0.5 0.5 2 1 0
1.9450503 0.5 0.5 2 1 0
1.9430151 0.5 0.5 2 1 0
1.9409799 0.5 0.5 2 1 0
1.9389447 0.5 0.5 2 1 0
1.9369095 0.5 0.5 2 1 0
1.9348744 0.5 0.5 2 1 0
1.9328392 0.5 0.5 2 1 0
1.930804 0.5 0.5 2 1 0
1.9287688 0.5 0.5 2 1 0
1.9267337 0.5 0.5 2 1 0
1.9246985 0.5 0.5 2 1 0
1.9226633 0.5 0.5 2 1 0
1.9206281 0.5 0.5 2 1 0
1.918593 0.5 0.5 2 1 0
1.9165578 0.5 0.5 2 1 0
1.9145226 0.5 0.5 2 1 0
1.9124874 0.5 0.5 2 1 0
1.9104523 0.5 0.5 2 1 0
1.9084171 0.5 0.5 2 1 0
1.9063819 0.5 0.5 2 1 0
1.9043467 0.5 0.5 2 1 0
1.9023116 0.5 0.5 2 1 0
1.9002764 0.5 0.5 2 1 0
1.8982412 0.5 0.5 2 1 0
1.896206 0.5 0.5 2 1 0
1.8941709 0.5 0.5 2 1 0
1.8921357 0.5 0.5 2 1 0
1.8901005 0.5 0.5 2 1 0
1.8880653 0.5 0.5 2 1 0
1.8860302 0.5 0.5 2 1 0
1.883995 0.5 0.5 2 1 0
1.8819598 0.5 0.5 2 1 0
1.8799246 0.5 0.5 2 1 0
1.8778894 0.5 0.5 2 1 0
1.8758543 0.5 0.5 2 1 0
1.8738191 0.5 0.5 2 1 0
1.8717839 0.5 0.5 2 1 0
1.8697487 0.5 0.5 2 1 0
1.8677136 0.5 0.5 2 1 0
1.8656784 0.5 0.5 2 1 0
1.8636432 0.5 0.5 2 1 0
1.861608 0.5 0.5 2 1 0
1.8595729 0.5 0.5 2 1 0
1.8575377 0.5 0.5 2 1 0
1.8555025 0.5 0.5 2 1 0
1.8534673 0.5 0.5 2 1 0
1.8514322 0.5 0.5 2 1 0
1.849397 0.5 0.5 2 1 0
1.8473618 0.5 0.5 2 1 0
1.8453266 0.5 0.5 2 1 0
1.8432915 0.5 0.5 2 1 0
1.8412563 0.5 0.5 2 1 0
1.8392211 0.5 0.5 2 1 0
1.8371859 0.5 0.5 2 1 0
1.8351508 0.5 0.5 2 1 0
1.8331156 0.5 0.5 2 1 0
1.8310804 0.5 0.5 2 1 0
1.8290452 0.5 0.5 2 1 0
1.8270101 0.5 0.5 2 1 0
1.8249749 0.5 0.5 2 1 0
1.8229397 0.5 0.5 2 1 0
1.8209045 0.5 0.5 2 1 0
1.8188693 0.5 0.5 2 1 0
1.8168342 0.5 0.5 2 1 0
1.814799 0.5 0.5 2 1 0
1.8127638 0.5 0.5 2 1 0
1.8107286 0.5 0.5 2 1 0
1.8086935 0.5 0.5 2 1 0
1.8066583 0.5 0.5 2 1 0
1.8046231 0.5 0.5 2 1 0
1.8025879 0.5 0.5 2 1 0
1.8005528 0.5 0.5 2 1 0
1.7985176 0.5 0.5 2 1 0
1.7964824 0.5 0.5 2 1 0
1.7944472 0.5 0.5 2 1 0
1.7924121 0.5 0.5 2 1 0
1.7903769 0.5 0.5 2 1 0
1.7883417 0.5 0.5 2 1 0
1.7863065 0.5 0.5 2 1 0
1.7842714 0.5 0.5 2 1 0
1.7822362 0.5 0.5 2 1 0
1.780201 0.5 0.5 2 1 0
1.7781658 0.5 0.5 2 1 0
1.7761307 0.5 0.5 2 1 0
1.7740955 0.5 0.5 2 1 0
1.7720603 0.5 0.5 2 1 0
1.7700251 0.5 0.5 2 1 0
1.7679899 0.5 0.5 2 1 0
1.7659548 0.5 0.5 2 1 0
1.7639196 0.5 0.5 2 1 0
1.7618844 0.5 0.5 2 1 0
1.7598492 0.5 0.5 2 1 0
1.7578141 0.5 0.5 2 1 0
1.7557789 0.5 0.5 2 1 0
1.7537437 0.5 0.5 2 1 0
1.7517085 0.5 0.5 2 1 0
1.7496734 0.5 0.5 2 1 0
1.7476382 0.5 0.5 2 1 0
1.745603 0.5 0.5 2 1 0
1.7435678 0.5 0.5 2 1 0
1.7415327 0.5 0.5 2 1 0
1.7394975 0.5 0.5 2 1 0
1.7374623 0.5 0.5 2 1 0
1.7354271 0.5 0.5 2 1 0
1.733392 0.5 0.5 2 1 0
1.7313568 0.5 0.5 2 1 0
1.7293216 0.5 0.5 2 1 0
1.7272864 0.5 0.5 2 1 0
1.7252513 0.5 0.5 2 1 0
1.7232161 0.5 0.5 2 1 0
1.7211809 0.5 0.5 2 1 0
1.7191457 0.5 0.5 2 1 0
1.7171106 0.5 0.5 2 1 0
1.7150754 0.5 0.5 2 1 0
1.7130402 0.5 0.5 2 1 0
1.711005 0.5 0.5 2 1 0
1.7089698 0.5 0.5 2 1 0
1.7069347 0.5 0.5 2 1 0
1.7048995 0.5 0.5 2 1 0
1.7028643 0.5 0.5 2 1 0
1.7008291 0.5 0.5 2 1 0
1.698794 0.5 0.5 2 1 0
1.6967588 0.5 0.5 2 1 0
1.6947236 0.5 0.5 2 1 0
1.6926884 0.5 0.5 2 1 0
1.6906533 0.5 0.5 2 1 0
1.6886181 0.5 0.5 2 1 0
1.6865829 0.5 0.5 2 1 0
1.6845477 0.5 0.5 2 1 0
1.6825126 0.5 0.5 2 1 0
1.6804774 0.5 0.5 2 1 0
1.6784422 0.5 0.5 2 1 0
1.676407 0.5 0.5 2 1 0
1.6743719 0.5 0.5 2 1 0
1.6723367 0.5 0.5 2 1 0
1.6703015 0.5 0.5 2 1 0
1.6682663 0.5 0.5 2 1 0
1.6662312 0.5 0.5 2 1 0
1.664196 0.5 0.5 2 1 0
1.6621608 0.5 0.5 2 1 0
1.6601256 0.5 0.5 2 1 0
1.6580905 0.5 0.5 2 1 0
1.6560553 0.5 0.5 2 1 0
1.6540201 0.5 0.5 2 1 0
1.6519849 0.5 0.5 2 1 0
1.6499497 0.5 0.5 2 1 0
1.6479146 0.5 0.5 2 1 0
1.6458794 0.5 0.5 2 1 0
1.6438442 0.5 0.5 2 1 0
1.641809 0.5 0.5 2 1 0
1.6397739 0.5 0.5 2 1 0
1.6377387 0.5 0.5 2 1 0
1.6357035 0.5 0.5 2 1 0
1.6336683 0.5 0.5 2 1 0
1.6316332 0.5 0.5 2 1 0
1.629598 0.5 0.5 2 1 0
1.6275628 0.5 0.5 2 1 0
1.6255276 0.5 0.5 2 1 0
1.6234925 0.5 0.5 2 1 0
1.6214573 0.5 0.5 2 1 0
1.6194221 0.5 0.5 2 1 0
1.6173869 0.5 0.5 2 1 0
1.6153518 0.5 0.5 2 1 0
1.6133166 0.5 0.5 2 1 0
1.6112814 0.5 0.5 2 1 0
1.6092462 0.5 0.5 2 1 0
1.6072111 0.5 0.5 2 1 0
1.6051759 0.5 0.5 2 1 0
1.6031407 0.5 0.5 2 1 0
1.6011055 0.5 0.5 2 1 0
1.5990704 0.5 0.5 2 1 0
1.5970352 0.5 0.5 2 1 0
1.595 0.5 0.5 2 1 0
1.595 0.5 0.5 1 2 0
1.59 0.5 0.5 1 2 0
1.585 0.5 0.5 1 2 0
1.58 0.5 0.5 1 2 0
1.575 0.5 0.5 1 2 0
1.57 0.5 0.5 1 2 0
1.565 0.5 0.5 1 2 0
1.56 0.5 0.5 1 2 0
1.555 0.5 0.5 1 2 0
1.55 0.5 0.5 1 2 0
1.545 0.5 0.5 1 2 0
1.54 0.5 0.5 1 2 0
1.535 0.5 0.5 1 2 0
1.53 0.5 0.5 1 2 0
1.525 0.5 0.5 1 2 0
1.52 0.5 0.5 1 2 0
1.515 0.5 0.5 1 2 0
1.51 0.5 0.5 1 2 0
1.505 0.5 0.5 1 2 0
1.5 0.5 0.5 1 2 0
1.495 0.5 0.5 1 2 0
1.49 0.5 0.5 1 2 0
1.485 0.5 0.5 1 2 0
1.48 0.5 0.5 1 2 0
1.475 0.5 0.5 1 2 0
1.47 0.5 0.5 1 2 0
1.465 0.5 0.5 1 2 0
1.46 0.5 0.5 1 2 0
1.455 0.5 0.5 1 2 0
1.45 0.5 0.5 1 2 0
1.445 0.5 0.5 1 2 0
1.44 0.5 0.5 1 2 0
1.435 0.5 0.5 1 2 0
1.43 0.5 0.5 1 2 0
1.425 0.5 0.5 1 2 0
1.42 0.5 0.5 1 2 0
1.415 0.5 0.5 1 2 0
1.41 0.5 0.5 1 2 0
1.405 0.5 0.5 1 2 0
1.4 0.5 0.5 1 2 0
1.395 0.5 0.5 1 2 0
1.39 0.5 0.5 1 2 0
1.385 0.5 0.5 1 2 0
1.38 0.5 0.5 1 2 0
1.375 0.5 0.5 1 2 0
1.37 0.5 0.5 1 2 0
1.365 0.5 0.5 1 2 0
1.36 0.5 0.5 1 2 0
1.355 0.5 0.5 1 2 0
1.35 0.5 0.5 1 2 0
1.345 0.5 0.5 1 2 0
1.34 0.5 0.5 1 2 0
1.335 0.5 0.5 1 2 0
1.33 0.5 0.5 1 2 0
1.325 0.5 0.5 1 2 0
1.32 0.5 0.5 1 2 0
1.315 0.5 0.5 1 2 0
1.31 0.5 0.5 1 2 0
1.305 0.5 0.5 1 2 0
1.3 0.5 0.5 1 2 0
1.295 0.5 0.5 1 2 0
1.29 0.5 0.5 1 2 0
1.285 0.5 0.5 1 2 0
1.28 0.5 0.5 1 2 0
1.275 0.5 0.5 1 2 0
1.27 0.5 0.5 1 2 0
1.265 0.5 0.5 1 2 0
1.26 0.5 0.5 1 2 0
1.255 0.5 0.5 1 2 0
1.25 0.5 0.5 1 2 0
1.245 0.5 0.5 1 2 0
1.24 0.5 0.5 1 2 0
1.235 0.5 0.5 1 2 0
1.23 0.5 0.5 1 2 0
1.225 0.5 0.5 1 2 0
1.22 0.5 0.5 1 2 0
1.215 0.5 0.5 1 2 0
1.21 0.5 0.5 1 2 0
1.205 0.5 0.5 1 2 0
1.2 0.5 0.5 1 2 0
1.195 0.5 0.5 1 2 0
1.19 0.5 0.5 1 2 0
1.185 0.5 0.5 1 2 0
1.18 0.5 0.5 1 2 0
1.175 0.5 0.5 1 2 0
1.17 0.5 0.5 1 2 0
1.165 0.5 0.5 1 2 0
1.16 0.5 0.5 1 2 0
1.155 0.5 0.5 1 2 0
1.15 0.5 0.5 1 2 0
1.145 0.5 0.5 1 2 0
1.14 0.5 0.5 1 2 0
1.135 0.5 0.5 1 2 0
1.13 0.5 0.5 1 2 0
1.125 0.5 0.5 1 2 0
1.12 0.5 0.5 1 2 0
1.115 0.5 0.5 1 2 0
1.11 0.5 0.5 1 2 0
1.105 0.5 0.5 1 2 0
1.1 0.5 0.5 1 2 0
1.095 0.5 0.5 1 2 0
1.09 0.5 0.5 1 2 0
1.085 0.5 0.5 1 2 0
1.08 0.5 0.5 1 2 0
1.075 0.5 0.5 1 2 0
1.07 0.5 0.5 1 2 0
1.065 0.5 0.5 1 2 0
1.06 0.5 0.5 1 2 0
1.055 0.5 0.5 1 2 0
1.05 0.5 0.5 1 2 0
1.045 0.5 0.5 1 2 0
1.04 0.5 0.5 1 2 0
1.035 0.5 0.5 1 2 0
1.03 0.5 0.5 1 2 0
1.595 0.5 0.5 2 2 0
1.595 0.5568809 0.5568809 2 2 0
1.59 0.5791962 0.5791962 2 2 0
1.585 0.5942395 0.5942395 2 2 0
1.58 0.6077642 0.6077642 2 2 0
1.575 0.6215984 0.6215984 2 2 0
1.57 0.632411 0.632411 2 2 0
1.565 0.6408797 0.6408797 2 2 0
1.56 0.6519788 0.6519788 2 2 0
1.555 0.6610168 0.6610168 2 2 0
1.55 0.6682915 0.6682915 2 2 0
1.545 0.6767917 0.6767917 2 2 0
1.54 0.6847005 0.6847005 2 2 0
1.535 0.6911549 0.6911549 2 2 0
1.53 0.6982156 0.6982156 2 2 0
1.525 0.7052538 0.7052538 2 2 0
1.52 0.7110322 0.7110322 2 2 0
1.515 0.7172764 0.7172764 2 2 0
1.51 0.7235663 0.7235663 2 2 0
1.505 0.7287315 0.7287315 2 2 0
1.5 0.7345368 0.7345368 2 2 0
1.495 0.7401422 0.7401422 2 2 0
1.49 0.7447218 0.7447218 2 2 0
1.485 0.7503288 0.7503288 2 2 0
1.48 0.7552803 0.7552803 2 2 0
1.475 0.7596211 0.7596211 2 2 0
1.47 0.7648531 0.7648531 2 2 0
1.465 0.7691659 0.7691659 2 2 0
1.46 0.7736885 0.7736885 2 2 0
1.455 0.7782291 0.7782291 2 2 0
1.45 0.7819716 0.7819716 2 2 0
1.445 0.7866673 0.7866673 2 2 0
1.44 0.7905248 0.7905248 2 2 0
1.435 0.7946232 0.7946232 2 2 0
1.43 0.7985958 0.7985958 2 2 0
1.425 0.8022018 0.8022018 2 2 0
1.42 0.806232 0.806232 2 2 0
1.415 0.8094837 0.8094837 2 2 0
1.41 0.8135148 0.8135148 2 2 0
1.405 0.8167903 0.8167903 2 2 0
1.4 0.8205037 0.8205037 2 2 0
1.395 0.8237559 0.8237559 2 2 0
1.39 0.8272393 0.8272393 2 2 0
1.385 0.8304248 0.8304248 2 2 0
1.38 0.8337473 0.8337473 2 2 0
1.375 0.8368278 0.8368278 2 2 0
1.37 0.8400429 0.8400429 2 2 0
1.365 0.842982 0.842982 2 2 0
1.36 0.8461304 0.8461304 2 2 0
1.355 0.8488949 0.8488949 2 2 0
1.35 0.8520085 0.8520085 2 2 0
1.345 0.8546706 0.8546706 2 2 0
1.34 0.8576675 0.8576675 2 2 0
1.335 0.8603679 0.8603679 2 2 0
1.33 0.8630951 0.8630951 2 2 0
1.325 0.8658405 0.8658405 2 2 0
1.32 0.8682992 0.8682992 2 2 0
1.315 0.8710649 0.8710649 2 2 0
1.31 0.8735976 0.8735976 2 2 0
1.305 0.8760152 0.8760152 2 2 0
1.3 0.8786157 0.8786157 2 2 0
1.295 0.8810269 0.8810269 2 2 0
1.29 0.8833215 0.8833215 2 2 0
1.285 0.8858033 0.8858033 2 2 0
1.28 0.8881429 0.8881429 2 2 0
1.275 0.8903705 0.8903705 2 2 0
1.27 0.8926196 0.8926196 2 2 0
1.265 0.8949106 0.8949106 2 2 0
1.26 0.8971137 0.8971137 2 2 0
1.255 0.899248 0.899248 2 2 0
1.25 0.901329 0.901329 2 2 0
1.245 0.9034223 0.9034223 2 2 0
1.24 0.9055302 0.9055302 2 2 0
1.235 0.9075884 0.9075884 2 2 0
1.23 0.9096052 0.9096052 2 2 0
1.225 0.9115869 0.9115869 2 2 0
1.595 0.5 0.5 2 2 0
1.595 0.4431191 0.4431191 2 2 0
1.59 0.4208038 0.4208038 2 2 0
1.585 0.4057605 0.4057605 2 2 0
1.58 0.3922358 0.3922358 2 2 0
1.575 0.3784016 0.3784016 2 2 0
1.57 0.367589 0.367589 2 2 0
1.565 0.3591203 0.3591203 2 2 0
1.56 0.3480212 0.3480212 2 2 0
1.555 0.3389832 0.3389832 2 2 0
1.55 0.3317085 0.3317085 2 2 0
1.545 0.3232083 0.3232083 2 2 0
1.54 0.3152995 0.3152995 2 2 0
1.535 0.3088451 0.3088451 2 2 0
1.53 0.3017844 0.3017844 2 2 0
1.525 0.2947462 0.2947462 2 2 0
1.52 0.2889678 0.2889678 2 2 0
1.515 0.2827236 0.2827236 2 2 0
1.51 0.2764337 0.2764337 2 2 0
1.505 0.2712685 0.2712685 2 2 0
1.5 0.2654632 0.2654632 2 2 0
1.495 0.2598578 0.2598578 2 2 0
1.49 0.2552782 0.2552782 2 2 0
1.485 0.2496712 0.2496712 2 2 0
1.48 0.2447197 0.2447197 2 2 0
1.475 0.2403789 0.2403789 2 2 0
1.47 0.2351469 0.2351469 2 2 0
1.465 0.2308341 0.2308341 2 2 0
1.46 0.2263115 0.2263115 2 2 0
1.455 0.2217709 0.2217709 2 2 0
1.45 0.2180284 0.2180284 2 2 0
1.445 0.2133327 0.2133327 2 2 0
1.44 0.2094752 0.2094752 2 2 0
1.435 0.2053768 0.2053768 2 2 0
1.43 0.2014042 0.2014042 2 2 0
1.425 0.1977982 0.1977982 2 2 0
1.42 0.193768 0.193768 2 2 0
1.415 0.1905163 0.1905163 2 2 0
1.41 0.1864852 0.1864852 2 2 0
1.405 0.1832097 0.1832097 2 2 0
1.4 0.1794963 0.1794963 2 2 0
1.395 0.1762441 0.1762441 2 2 0
1.39 0.1727607 0.1727607 2 2 0
1.385 0.1695752 0.1695752 2 2 0
1.38 0.1662527 0.1662527 2 2 0
1.375 0.1631722 0.1631722 2 2 0
1.37 0.1599571 0.1599571 2 2 0
1.365 0.157018 0.157018 2 2 0
1.36 0.1538696 0.1538696 2 2 0
1.355 0.1511051 0.1511051 2 2 0
1.35 0.1479915 0.1479915 2 2 0
1.345 0.1453294 0.1453294 2 2 0
1.34 0.1423325 0.1423325 2 2 0
1.335 0.1396321 0.1396321 2 2 0
1.33 0.1369049 0.1369049 2 2 0
1.325 0.1341595 0.1341595 2 2 0
1.32 0.1317008 0.1317008 2 2 0
1.315 0.1289351 0.1289351 2 2 0
1.31 0.1264024 0.1264024 2 2 0
1.305 0.1239848 0.1239848 2 2 0
1.3 0.1213843 0.1213843 2 2 0
1.295 0.1189731 0.1189731 2 2 0
1.29 0.1166785 0.1166785 2 2 0
1.285 0.1141967 0.1141967 2 2 0
1.28 0.1118571 0.1118571 2 2 0
1.275 0.1096295 0.1096295 2 2 0
1.27 0.1073804 0.1073804 2 2 0
1.265 0.1050894 0.1050894 2 2 0
1.26 0.1028863 0.1028863 2 2 0
1.255 0.100752 0.100752 2 2 0
1.25 0.098671 0.098671 2 2 0
1.245 0.0965777 0.0965777 2 2 0
1.24 0.0944698 0.0944698 2 2 0
1.235 0.0924116 0.0924116 2 2 0
1.23 0.0903948 0.0903948 2 2 0
1.225 0.0884131 0.0884131 2 2 0
