2.0 0.5 0.5 2 1 0
1.9976801 0.5 0.5 2 1 0
1.9953601 0.5 0.5 2 1 0
1.9930402 0.5 0.5 2 1 0
1.9907203 0.5 0.5 2 1 0
1.9884003 0.5 0.5 2 1 0
1.9860804 0.5 0.5 2 1 0
1.9837605 0.5 0.5 2 1 0
1.9814405 0.5 0.5 2 1 0
1.9791206 0.5 0.5 2 1 0
1.9768007 0.5 0.5 2 1 0
1.9744807 0.5 0.5 2 1 0
1.9721608 0.5 0.5 2 1 0
1.9698409 0.5 0.5 2 1 0
1.9675209 0.5 0.5 2 1 0
1.965201 0.5 0.5 2 1 0
1.9628811 0.5 0.5 2 1 0
1.9605611 0.5 0.5 2 1 0
1.9582412 0.5 0.5 2 1 0
1.9559213 0.5 0.5 2 1 0
1.9536013 0.5 0.5 2 1 0
1.9512814 0.5 0.5 2 1 0
1.9489615 0.5 0.5 2 1 0
1.9466415 0.5 0.5 2 1 0
1.9443216 0.5 0.5 2 1 0
1.9420017 0.5 0.5 2 1 0
1.9396817 0.5 0.5 2 1 0
1.9373618 0.5 0.5 2 1 0
1.9350419 0.5 0.5 2 1 0
1.9327219 0.5 0.5 2 1 0
1.930402 0.5 0.5 2 1 0
1.9280821 0.5 0.5 2 1 0
1.9257621 0.5 0.5 2 1 0
1.9234422 0.5 0.5 2 1 0
1.9211223 0.5 0.5 2 1 0
1.9188023 0.5 0.5 2 1 0
1.9164824 0.5 0.5 2 1 0
1.9141625 0.5 0.5 2 1 0
1.9118425 0.5 0.5 2 1 0
1.9095226 0.5 0.5 2 1 0
1.9072027 0.5 0.5 2 1 0
1.9048827 0.5 0.5 2 1 0
1.9025628 0.5 0.5 2 1 0
1.9002429 0.5 0.5 2 1 0
1.8979229 0.5 0.5 2 1 0
1.895603 0.5 0.5 2 1 0
1.8932831 0.5 0.5 2 1 0
1.8909631 0.5 0.5 2 1 0
1.8886432 0.5 0.5 2 1 0
1.8863233 0.5 0.5 2 1 0
1.8840033 0.5 0.5 2 1 0
1.8816834 0.5 0.5 2 1 0
1.8793635 0.5 0.5 2 1 0
1.8770435 0.5 0.5 2 1 0
1.8747236 0.5 0.5 2 1 0
1.8724037 0.5 0.5 2 1 0
1.8700837 0.5 0.5 2 1 0
1.8677638 0.5 0.5 2 1 0
1.8654439 0.5 0.5 2 1 0
1.8631239 0.5 0.5 2 1 0
1.860804 0.5 0.5 2 1 0
1.8584841 0.5 0.5 2 1 0
1.8561641 0.5 0.5 2 1 0
1.8538442 0.5 0.5 2 1 0
1.8515243 0.5 0.5 2 1 0
1.8492043 0.5 0.5 2 1 0
1.8468844 0.5 0.5 2 1 0
1.8445645 0.5 0.5 2 1 0
1.8422445 0.5 0.5 2 1 0
1.8399246 0.5 0.5 2 1 0
1.8376047 0.5 0.5 2 1 0
1.8352847 0.5 0.5 2 1 0
1.8329648 0.5 0.5 2 1 0
1.8306449 0.5 0.5 2 1 0
1.8283249 0.5 0.5 2 1 0
1.826005 0.5 0.5 2 1 0
1.8236851 0.5 0.5 2 1 0
1.8213651 0.5 0.5 2 1 0
1.8190452 0.5 0.5 2 1 0
1.8167253 0.5 0.5 2 1 0
1.8144053 0.5 0.5 2 1 0
1.8120854 0.5 0.5 2 1 0
1.8097655 0.5 0.5 2 1 0
1.8074455 0.5 0.5 2 1 0
1.8051256 0.5 0.5 2 1 0
1.8028057 0.5 0.5 2 1 0
1.8004857 0.5 0.5 2 1 0
1.7981658 0.5 0.5 2 1 0
1.7958459 0.5 0.5 2 1 0
1.7935259 0.5 0.5 2 1 0
1.791206 0.5 0.5 2 1 0
1.7888861 0.5 0.5 2 1 0
1.7865661 0.5 0.5 2 1 0
1.7842462 0.5 0.5 2 1 0
1.7819263 0.5 0.5 2 1 0
1.7796063 0.5 0.5 2 1 0
1.7772864 0.5 0.5 2 1 0
1.7749665 0.5 0.5 2 1 0
1.7726465 0.5 0.5 2 1 0
1.7703266 0.5 0.5 2 1 0
1.7680067 0.5 0.5 2 1 0
1.7656868 0.5 0.5 2 1 0
1.7633668 0.5 0.5 2 1 0
1.7610469 0.5 0.5 2 1 0
1.758727 0.5 0.5 2 1 0
1.756407 0.5 0.5 2 1 0
1.7540871 0.5 0.5 2 1 0
1.7517672 0.5 0.5 2 1 0
1.7494472 0.5 0.5 2 1 0
1.7471273 0.5 0.5 2 1 0
1.7448074 0.5 0.5 2 1 0
1.7424874 0.5 0.5 2 1 0
1.7401675 0.5 0.5 2 1 0
1.7378476 0.5 0.5 2 1 0
1.7355276 0.5 0.5 2 1 0
1.7332077 0.5 0.5 2 1 0
1.7308878 0.5 0.5 2 1 0
1.7285678 0.5 0.5 2 1 0
1.7262479 0.5 0.5 2 1 0
1.723928 0.5 0.5 2 1 0
1.721608 0.5 0.5 2 1 0
1.7192881 0.5 0.5 2 1 0
1.7169682 0.5 0.5 2 1 0
1.7146482 0.5 0.5 2 1 0
1.7123283 0.5 0.5 2 1 0
1.7100084 0.5 0.5 2 1 0
1.7076884 0.5 0.5 2 1 0
1.7053685 0.5 0.5 2 1 0
1.7030486 0.5 0.5 2 1 0
1.7007286 0.5 0.5 2 1 0
1.6984087 0.5 0.5 2 1 0
1.6960888 0.5 0.5 2 1 0
1.6937688 0.5 0.5 2 1 0
1.6914489 0.5 0.5 2 1 0
1.689129 0.5 0.5 2 1 0
1.686809 0.5 0.5 2 1 0
1.6844891 0.5 0.5 2 1 0
1.6821692 0.5 0.5 2 1 0
1.6798492 0.5 0.5 2 1 0
1.6775293 0.5 0.5 2 1 0
1.6752094 0.5 0.5 2 1 0
1.6728894 0.5 0.5 2 1 0
1.6705695 0.5 0.5 2 1 0
1.6682496 0.5 0.5 2 1 0
1.6659296 0.5 0.5 2 1 0
1.6636097 0.5 0.5 2 1 0
1.6612898 0.5 0.5 2 1 0
1.6589698 0.5 0.5 2 1 0
1.6566499 0.5 0.5 2 1 0
1.65433 0.5 0.5 2 1 0
1.65201 0.5 0.5 2 1 0
1.6496901 0.5 0.5 2 1 0
1.6473702 0.5 0.5 2 1 0
1.6450502 0.5 0.5 2 1 0
1.6427303 0.5 0.5 2 1 0
1.6404104 0.5 0.5 2 1 0
1.6380904 0.5 0.5 2 1 0
1.6357705 0.5 0.5 2 1 0
1.6334506 0.5 0.5 2 1 0
1.6311306 0.5 0.5 2 1 0
1.6288107 0.5 0.5 2 1 0
1.6264908 0.5 0.5 2 1 0
1.6241708 0.5 0.5 2 1 0
1.6218509 0.5 0.5 2 1 0
1.619531 0.5 0.5 2 1 0
1.617211 0.5 0.5 2 1 0
1.6148911 0.5 0.5 2 1 0
1.6125712 0.5 0.5 2 1 0
1.6102512 0.5 0.5 2 1 0
1.6079313 0.5 0.5 2 1 0
1.6056114 0.5 0.5 2 1 0
1.6032914 0.5 0.5 2 1 0
1.6009715 0.5 0.5 2 1 0
1.5986516 0.5 0.5 2 1 0
1.5963316 0.5 0.5 2 1 0
1.5940117 0.5 0.5 2 1 0
1.5916918 0.5 0.5 2 1 0
1.5893718 0.5 0.5 2 1 0
1.5870519 0.5 0.5 2 1 0
1.584732 0.5 0.5 2 1 0
1.582412 0.5 0.5 2 1 0
1.5800921 0.5 0.5 2 1 0
1.5777722 0.5 0.5 2 1 0
1.5754522 0.5 0.5 2 1 0
1.5731323 0.5 0.5 2 1 0
1.5708124 0.5 0.5 2 1 0
1.5684924 0.5 0.5 2 1 0
1.5661725 0.5 0.5 2 1 0
1.5638526 0.5 0.5 2 1 0
1.5615326 0.5 0.5 2 1 0
1.5592127 0.5 0.5 2 1 0
1.5568928 0.5 0.5 2 1 0
1.5545728 0.5 0.5 2 1 0
1.5522529 0.5 0.5 2 1 0
1.549933 0.5 0.5 2 1 0
1.547613 0.5 0.5 2 1 0
1.5452931 0.5 0.5 2 1 0
1.5429732 0.5 0.5 2 1 0
1.5406532 0.5 0.5 2 1 0
1.5383333 0.5 0.5 2 1 0
1.5383333 0.5 0.5 1 2 0
1.5366667 0.5 0.5 1 2 0
1.535 0.5 0.5 1 2 0
1.5333333 0.5 0.5 1 2 0
1.5316667 0.5 0.5 1 2 0
1.53 0.5 0.5 1 2 0
1.5283333 0.5 0.5 1 2 0
1.5266667 0.5 0.5 1 2 0
1.525 0.5 0.5 1 2 0
1.5233333 0.5 0.5 1 2 0
1.5216667 0.5 0.5 1 2 0
1.52 0.5 0.5 1 2 0
1.5183333 0.5 0.5 1 2 0
1.5166667 0.5 0.5 1 2 0
1.515 0.5 0.5 1 2 0
1.5133333 0.5 0.5 1 2 0
1.5116667 0.5 0.5 1 2 0
1.51 0.5 0.5 1 2 0
1.5083333 0.5 0.5 1 2 0
1.5066667 0.5 0.5 1 2 0
1.505 0.5 0.5 1 2 0
1.5033333 0.5 0.5 1 2 0
1.5016667 0.5 0.5 1 2 0
1.5 0.5 0.5 1 2 0
1.4983333 0.5 0.5 1 2 0
1.4966667 0.5 0.5 1 2 0
1.495 0.5 0.5 1 2 0
1.4933333 0.5 0.5 1 2 0
1.4916667 0.5 0.5 1 2 0
1.49 0.5 0.5 1 2 0
1.4883333 0.5 0.5 1 2 0
1.4866667 0.5 0.5 1 2 0
1.485 0.5 0.5 1 2 0
1.4833333 0.5 0.5 1 2 0
1.4816667 0.5 0.5 1 2 0
1.48 0.5 0.5 1 2 0
1.4783333 0.5 0.5 1 2 0
1.4766667 0.5 0.5 1 2 0
1.475 0.5 0.5 1 2 0
1.4733333 0.5 0.5 1 2 0
1.4716667 0.5 0.5 1 2 0
1.47 0.5 0.5 1 2 0
1.4683333 0.5 0.5 1 2 0
1.4666667 0.5 0.5 1 2 0
1.465 0.5 0.5 1 2 0
1.4633333 0.5 0.5 1 2 0
1.4616667 0.5 0.5 1 2 0
1.46 0.5 0.5 1 2 0
1.4583333 0.5 0.5 1 2 0
1.4566667 0.5 0.5 1 2 0
1.455 0.5 0.5 1 2 0
1.4533333 0.5 0.5 1 2 0
1.4516667 0.5 0.5 1 2 0
1.45 0.5 0.5 1 2 0
1.4483333 0.5 0.5 1 2 0
1.4466667 0.5 0.5 1 2 0
1.445 0.5 0.5 1 2 0
1.4433333 0.5 0.5 1 2 0
1.4416667 0.5 0.5 1 2 0
1.44 0.5 0.5 1 2 0
1.4383333 0.5 0.5 1 2 0
1.4366667 0.5 0.5 1 2 0
1.435 0.5 0.5 1 2 0
1.4333333 0.5 0.5 1 2 0
1.4316667 0.5 0.5 1 2 0
1.43 0.5 0.5 1 2 0
1.4283333 0.5 0.5 1 2 0
1.4266667 0.5 0.5 1 2 0
1.425 0.5 0.5 1 2 0
1.4233333 0.5 0.5 1 2 0
1.4216667 0.5 0.5 1 2 0
1.42 0.5 0.5 1 2 0
1.4183333 0.5 0.5 1 2 0
1.4166667 0.5 0.5 1 2 0
1.415 0.5 0.5 1 2 0
1.4133333 0.5 0.5 1 2 0
1.4116667 0.5 0.5 1 2 0
1.41 0.5 0.5 1 2 0
1.4083333 0.5 0.5 1 2 0
1.4066667 0.5 0.5 1 2 0
1.405 0.5 0.5 1 2 0
1.4033333 0.5 0.5 1 2 0
1.4016667 0.5 0.5 1 2 0
1.4 0.5 0.5 1 2 0
1.3983333 0.5 0.5 1 2 0
1.3966667 0.5 0.5 1 2 0
1.395 0.5 0.5 1 2 0
1.3933333 0.5 0.5 1 2 0
1.3916667 0.5 0.5 1 2 0
1.39 0.5 0.5 1 2 0
1.3883333 0.5 0.5 1 2 0
1.3866667 0.5 0.5 1 2 0
1.385 0.5 0.5 1 2 0
1.3833333 0.5 0.5 1 2 0
1.3816667 0.5 0.5 1 2 0
1.38 0.5 0.5 1 2 0
1.3783333 0.5 0.5 1 2 0
1.3766667 0.5 0.5 1 2 0
1.375 0.5 0.5 1 2 0
1.3733333 0.5 0.5 1 2 0
1.3716667 0.5 0.5 1 2 0
1.37 0.5 0.5 1 2 0
1.3683333 0.5 0.5 1 2 0
1.3666667 0.5 0.5 1 2 0
1.365 0.5 0.5 1 2 0
1.3633333 0.5 0.5 1 2 0
1.3616667 0.5 0.5 1 2 0
1.36 0.5 0.5 1 2 0
1.3583333 0.5 0.5 1 2 0
1.3566667 0.5 0.5 1 2 0
1.355 0.5 0.5 1 2 0
1.3533333 0.5 0.5 1 2 0
1.3516667 0.5 0.5 1 2 0
1.35 0.5 0.5 1 2 0
1.3483333 0.5 0.5 1 2 0
1.3466667 0.5 0.5 1 2 0
1.345 0.5 0.5 1 2 0
1.3433333 0.5 0.5 1 2 0
1.3416667 0.5 0.5 1 2 0
1.34 0.5 0.5 1 2 0
1.3383333 0.5 0.5 1 2 0
1.3366667 0.5 0.5 1 2 0
1.335 0.5 0.5 1 2 0
1.3333333 0.5 0.5 1 2 0
1.3316667 0.5 0.5 1 2 0
1.33 0.5 0.5 1 2 0
1.3283333 0.5 0.5 1 2 0
1.3266667 0.5 0.5 1 2 0
1.325 0.5 0.5 1 2 0
1.3233333 0.5 0.5 1 2 0
1.3216667 0.5 0.5 1 2 0
1.32 0.5 0.5 1 2 0
1.3183333 0.5 0.5 1 2 0
1.3166667 0.5 0.5 1 2 0
1.315 0.5 0.5 1 2 0
1.3133333 0.5 0.5 1 2 0
1.3116667 0.5 0.5 1 2 0
1.31 0.5 0.5 1 2 0
1.3083333 0.5 0.5 1 2 0
1.3066667 0.5 0.5 1 2 0
1.305 0.5 0.5 1 2 0
1.3033333 0.5 0.5 1 2 0
1.3016667 0.5 0.5 1 2 0
1.3 0.5 0.5 1 2 0
1.2983333 0.5 0.5 1 2 0
1.2966667 0.5 0.5 1 2 0
1.295 0.5 0.5 1 2 0
1.2933333 0.5 0.5 1 2 0
1.2916667 0.5 0.5 1 2 0
1.29 0.5 0.5 1 2 0
1.2883333 0.5 0.5 1 2 0
1.2866667 0.5 0.5 1 2 0
1.285 0.5 0.5 1 2 0
1.2833333 0.5 0.5 1 2 0
1.2816667 0.5 0.5 1 2 0
1.28 0.5 0.5 1 2 0
1.2783333 0.5 0.5 1 2 0
1.2766667 0.5 0.5 1 2 0
1.275 0.5 0.5 1 2 0
1.2733333 0.5 0.5 1 2 0
1.2716667 0.5 0.5 1 2 0
1.27 0.5 0.5 1 2 0
1.2683333 0.5 0.5 1 2 0
1.2666667 0.5 0.5 1 2 0
1.265 0.5 0.5 1 2 0
1.2633333 0.5 0.5 1 2 0
1.2616667 0.5 0.5 1 2 0
1.26 0.5 0.5 1 2 0
1.2583333 0.5 0.5 1 2 0
1.2566667 0.5 0.5 1 2 0
1.255 0.5 0.5 1 2 0
1.2533333 0.5 0.5 1 2 0
1.2516667 0.5 0.5 1 2 0
1.25 0.5 0.5 1 2 0
1.2483333 0.5 0.5 1 2 0
1.2466667 0.5 0.5 1 2 0
1.245 0.5 0.5 1 2 0
1.2433333 0.5 0.5 1 2 0
1.2416667 0.5 0.5 1 2 0
1.24 0.5 0.5 1 2 0
1.2383333 0.5 0.5 1 2 0
1.2366667 0.5 0.5 1 2 0
1.235 0.5 0.5 1 2 0
1.2333333 0.5 0.5 1 2 0
1.2316667 0.5 0.5 1 2 0
1.23 0.5 0.5 1 2 0
1.2283333 0.5 0.5 1 2 0
1.2266667 0.5 0.5 1 2 0
1.225 0.5 0.5 1 2 0
1.2233333 0.5 0.5 1 2 0
1.2216667 0.5 0.5 1 2 0
1.22 0.5 0.5 1 2 0
1.2183333 0.5 0.5 1 2 0
1.2166667 0.5 0.5 1 2 0
1.215 0.5 0.5 1 2 0
1.2133333 0.5 0.5 1 2 0
1.2116667 0.5 0.5 1 2 0
1.21 0.5 0.5 1 2 0
1.2083333 0.5 0.5 1 2 0
1.2066667 0.5 0.5 1 2 0
1.205 0.5 0.5 1 2 0
1.2033333 0.5 0.5 1 2 0
1.2016667 0.5 0.5 1 2 0
1.2 0.5 0.5 1 2 0
1.1983333 0.5 0.5 1 2 0
1.1966667 0.5 0.5 1 2 0
1.195 0.5 0.5 1 2 0
1.1933333 0.5 0.5 1 2 0
1.1916667 0.5 0.5 1 2 0
1.19 0.5 0.5 1 2 0
1.1883333 0.5 0.5 1 2 0
1.1866667 0.5 0.5 1 2 0
1.185 0.5 0.5 1 2 0
1.1833333 0.5 0.5 1 2 0
1.1816667 0.5 0.5 1 2 0
1.18 0.5 0.5 1 2 0
1.1783333 0.5 0.5 1 2 0
1.1766667 0.5 0.5 1 2 0
1.175 0.5 0.5 1 2 0
1.1733333 0.5 0.5 1 2 0
1.1716667 0.5 0.5 1 2 0
1.17 0.5 0.5 1 2 0
1.1683333 0.5 0.5 1 2 0
1.1666667 0.5 0.5 1 2 0
1.165 0.5 0.5 1 2 0
1.1633333 0.5 0.5 1 2 0
1.1616667 0.5 0.5 1 2 0
1.16 0.5 0.5 1 2 0
1.1583333 0.5 0.5 1 2 0
1.1566667 0.5 0.5 1 2 0
1.155 0.5 0.5 1 2 0
1.1533333 0.5 0.5 1 2 0
1.1516667 0.5 0.5 1 2 0
1.15 0.5 0.5 1 2 0
1.1483333 0.5 0.5 1 2 0
1.1466667 0.5 0.5 1 2 0
1.145 0.5 0.5 1 2 0
1.1433333 0.5 0.5 1 2 0
1.1416667 0.5 0.5 1 2 0
1.14 0.5 0.5 1 2 0
1.1383333 0.5 0.5 1 2 0
1.1366667 0.5 0.5 1 2 0
1.135 0.5 0.5 1 2 0
1.1333333 0.5 0.5 1 2 0
1.1316667 0.5 0.5 1 2 0
1.13 0.5 0.5 1 2 0
1.1283333 0.5 0.5 1 2 0
1.1266667 0.5 0.5 1 2 0
1.125 0.5 0.5 1 2 0
1.1233333 0.5 0.5 1 2 0
1.1216667 0.5 0.5 1 2 0
1.12 0.5 0.5 1 2 0
1.1183333 0.5 0.5 1 2 0
1.1166667 0.5 0.5 1 2 0
1.115 0.5 0.5 1 2 0
1.1133333 0.5 0.5 1 2 0
1.1116667 0.5 0.5 1 2 0
1.11 0.5 0.5 1 2 0
1.1083333 0.5 0.5 1 2 0
1.1066667 0.5 0.5 1 2 0
1.105 0.5 0.5 1 2 0
1.1033333 0.5 0.5 1 2 0
1.1016667 0.5 0.5 1 2 0
1.1 0.5 0.5 1 2 0
1.0983333 0.5 0.5 1 2 0
1.0966667 0.5 0.5 1 2 0
1.095 0.5 0.5 1 2 0
1.0933333 0.5 0.5 1 2 0
1.0916667 0.5 0.5 1 2 0
1.09 0.5 0.5 1 2 0
1.0883333 0.5 0.5 1 2 0
1.0866667 0.5 0.5 1 2 0
1.085 0.5 0.5 1 2 0
1.0833333 0.5 0.5 1 2 0
1.0816667 0.5 0.5 1 2 0
1.08 0.5 0.5 1 2 0
1.0783333 0.5 0.5 1 2 0
1.0766667 0.5 0.5 1 2 0
1.075 0.5 0.5 1 2 0
1.0733333 0.5 0.5 1 2 0
1.0716667 0.5 0.5 1 2 0
1.07 0.5 0.5 1 2 0
1.0683333 0.5 0.5 1 2 0
1.0666667 0.5 0.5 1 2 0
1.065 0.5 0.5 1 2 0
1.0633333 0.5 0.5 1 2 0
1.0616667 0.5 0.5 1 2 0
1.06 0.5 0.5 1 2 0
1.0583333 0.5 0.5 1 2 0
1.0566667 0.5 0.5 1 2 0
1.055 0.5 0.5 1 2 0
1.0533333 0.5 0.5 1 2 0
1.0516667 0.5 0.5 1 2 0
1.05 0.5 0.5 1 2 0
1.0483333 0.5 0.5 1 2 0
1.0466667 0.5 0.5 1 2 0
1.045 0.5 0.5 1 2 0
1.0433333 0.5 0.5 1 2 0
1.0416667 0.5 0.5 1 2 0
1.04 0.5 0.5 1 2 0
1.0383333 0.5 0.5 1 2 0
1.0366667 0.5 0.5 1 2 0
1.035 0.5 0.5 1 2 0
1.0333333 0.5 0.5 1 2 0
1.0316667 0.5 0.5 1 2 0
1.03 0.5 0.5 1 2 0
1.0283333 0.5 0.5 1 2 0
1.0266667 0.5 0.5 1 2 0
1.025 0.5 0.5 1 2 0
1.0233333 0.5 0.5 1 2 0
1.0216667 0.5 0.5 1 2 0
1.02 0.5 0.5 1 2 0
1.0183333 0.5 0.5 1 2 0
1.0166667 0.5 0.5 1 2 0
1.015 0.5 0.5 1 2 0
1.0133333 0.5 0.5 1 2 0
1.0116667 0.5 0.5 1 2 0
1.01 0.5 0.5 1 2 0
1.0083333 0.5 0.5 1 2 0
1.0066667 0.5 0.5 1 2 0
1.5383333 0.5 0.5 2 2 0
1.5383333 0.5293895 0.5293895 2 2 0
1.5366667 0.5430045 0.5430045 2 2 0
1.535 0.5516071 0.5516071 2 2 0
1.5333333 0.5575044 0.5575044 2 2 0
1.5316667 0.5614681 0.5614681 2 2 0
1.53 0.5638552 0.5638552 2 2 0
1.5283333 0.5687076 0.5687076 2 2 0
1.5266667 0.5792035 0.5792035 2 2 0
1.525 0.5875021 0.5875021 2 2 0
1.5233333 0.5941876 0.5941876 2 2 0
1.5216667 0.5995765 0.5995765 2 2 0
1.52 0.6038731 0.6038731 2 2 0
1.5183333 0.6071996 0.6071996 2 2 0
1.5166667 0.6096428 0.6096428 2 2 0
1.515 0.6112585 0.6112585 2 2 0
1.5133333 0.6126575 0.6126575 2 2 0
1.5116667 0.6193468 0.6193468 2 2 0
1.51 0.6250082 0.6250082 2 2 0
1.5083333 0.6297667 0.6297667 2 2 0
1.5066667 0.6337221 0.6337221 2 2 0
1.505 0.6369416 0.6369416 2 2 0
1.5033333 0.6394677 0.6394677 2 2 0
1.5016667 0.6413406 0.6413406 2 2 0
1.5 0.6425799 0.6425799 2 2 0
1.4983333 0.6442454 0.6442454 2 2 0
1.4966667 0.6493315 0.6493315 2 2 0
1.495 0.6536984 0.6536984 2 2 0
1.4933333 0.6574028 0.6574028 2 2 0
1.4916667 0.660489 0.660489 2 2 0
1.49 0.6629916 0.6629916 2 2 0
1.4883333 0.6649297 0.6649297 2 2 0
1.4866667 0.6663221 0.6663221 2 2 0
1.485 0.6671826 0.6671826 2 2 0
1.4833333 0.6703124 0.6703124 2 2 0
1.4816667 0.6743126 0.6743126 2 2 0
1.48 0.6777426 0.6777426 2 2 0
1.4783333 0.680632 0.680632 2 2 0
1.4766667 0.683007 0.683007 2 2 0
1.475 0.6848802 0.6848802 2 2 0
1.4733333 0.6862671 0.6862671 2 2 0
1.4716667 0.687177 0.687177 2 2 0
1.47 0.6892104 0.6892104 2 2 0
1.4683333 0.6928261 0.6928261 2 2 0
1.4666667 0.695938 0.695938 2 2 0
1.465 0.6985653 0.6985653 2 2 0
1.4633333 0.7007288 0.7007288 2 2 0
1.4616667 0.7024388 0.7024388 2 2 0
1.46 0.7037056 0.7037056 2 2 0
1.4583333 0.7045339 0.7045339 2 2 0
1.4566667 0.7066059 0.7066059 2 2 0
1.455 0.7098087 0.7098087 2 2 0
1.4533333 0.7125566 0.7125566 2 2 0
1.4516667 0.7148678 0.7148678 2 2 0
1.45 0.7167515 0.7167515 2 2 0
1.4483333 0.7182186 0.7182186 2 2 0
1.4466667 0.7192742 0.7192742 2 2 0
1.445 0.7199233 0.7199233 2 2 0
1.4433333 0.7227632 0.7227632 2 2 0
1.4416667 0.7255219 0.7255219 2 2 0
1.44 0.7278678 0.7278678 2 2 0
1.4383333 0.7298093 0.7298093 2 2 0
1.4366667 0.7313553 0.7313553 2 2 0
1.435 0.7325122 0.7325122 2 2 0
1.4333333 0.7332836 0.7332836 2 2 0
1.4316667 0.7350909 0.7350909 2 2 0
1.43 0.7377703 0.7377703 2 2 0
1.4283333 0.7400586 0.7400586 2 2 0
1.4266667 0.7419631 0.7419631 2 2 0
1.425 0.74349 0.74349 2 2 0
1.4233333 0.7446473 0.7446473 2 2 0
1.4216667 0.7454362 0.7454362 2 2 0
1.42 0.7469359 0.7469359 2 2 0
1.4183333 0.7494604 0.7494604 2 2 0
1.4166667 0.7516134 0.7516134 2 2 0
1.415 0.7534012 0.7534012 2 2 0
1.4133333 0.7548303 0.7548303 2 2 0
1.4116667 0.7559037 0.7559037 2 2 0
1.41 0.7566229 0.7566229 2 2 0
1.4083333 0.7583471 0.7583471 2 2 0
1.4066667 0.7606551 0.7606551 2 2 0
1.405 0.762608 0.762608 2 2 0
1.4033333 0.7642123 0.7642123 2 2 0
1.4016667 0.7654711 0.7654711 2 2 0
1.4 0.7663886 0.7663886 2 2 0
1.3983333 0.7669666 0.7669666 2 2 0
1.3966667 0.7693109 0.7693109 2 2 0
1.395 0.7713471 0.7713471 2 2 0
1.3933333 0.7730449 0.7730449 2 2 0
1.3916667 0.7744054 0.7744054 2 2 0
1.39 0.7754349 0.7754349 2 2 0
1.3883333 0.7761345 0.7761345 2 2 0
1.3866667 0.7777168 0.7777168 2 2 0
1.385 0.7797647 0.7797647 2 2 0
1.3833333 0.7814817 0.7814817 2 2 0
1.3816667 0.7828735 0.7828735 2 2 0
1.38 0.7839414 0.7839414 2 2 0
1.3783333 0.7846862 0.7846862 2 2 0
1.3766667 0.7859443 0.7859443 2 2 0
1.375 0.7879401 0.7879401 2 2 0
1.3733333 0.7896132 0.7896132 2 2 0
1.3716667 0.7909704 0.7909704 2 2 0
1.37 0.792011 0.792011 2 2 0
1.3683333 0.7927362 0.7927362 2 2 0
1.3666667 0.7940132 0.7940132 2 2 0
1.365 0.7959003 0.7959003 2 2 0
1.3633333 0.7974735 0.7974735 2 2 0
1.3616667 0.7987375 0.7987375 2 2 0
1.36 0.7996927 0.7996927 2 2 0
1.3583333 0.8003401 0.8003401 2 2 0
1.3566667 0.8019073 0.8019073 2 2 0
1.355 0.8036354 0.8036354 2 2 0
1.3533333 0.8050593 0.8050593 2 2 0
1.3516667 0.8061784 0.8061784 2 2 0
1.35 0.8069965 0.8069965 2 2 0
1.3483333 0.8077559 0.8077559 2 2 0
1.3466667 0.8095817 0.8095817 2 2 0
1.345 0.8111071 0.8111071 2 2 0
1.3433333 0.8123323 0.8123323 2 2 0
1.3416667 0.8132607 0.8132607 2 2 0
1.34 0.8138925 0.8138925 2 2 0
1.3383333 0.8153963 0.8153963 2 2 0
1.3366667 0.8169711 0.8169711 2 2 0
1.335 0.8182494 0.8182494 2 2 0
1.3333333 0.8192355 0.8192355 2 2 0
1.3316667 0.8199295 0.8199295 2 2 0
1.33 0.8211284 0.8211284 2 2 0
1.3283333 0.8227026 0.8227026 2 2 0
1.3266667 0.8239876 0.8239876 2 2 0
1.325 0.8249826 0.8249826 2 2 0
1.3233333 0.8256879 0.8256879 2 2 0
1.3216667 0.826797 0.826797 2 2 0
1.32 0.8283279 0.8283279 2 2 0
1.3183333 0.8295723 0.8295723 2 2 0
1.3166667 0.8305313 0.8305313 2 2 0
1.315 0.8312054 0.8312054 2 2 0
1.3133333 0.8324001 0.8324001 2 2 0
1.3116667 0.8338472 0.8338472 2 2 0
1.31 0.8350115 0.8350115 2 2 0
1.3083333 0.8358926 0.8358926 2 2 0
1.3066667 0.8364911 0.8364911 2 2 0
1.305 0.8379174 0.8379174 2 2 0
1.3033333 0.8392411 0.8392411 2 2 0
1.3016667 0.8402855 0.8402855 2 2 0
1.3 0.8410513 0.8410513 2 2 0
1.2983333 0.8418664 0.8418664 2 2 0
1.2966667 0.8433097 0.8433097 2 2 0
1.295 0.8444757 0.8444757 2 2 0
1.2933333 0.845365 0.845365 2 2 0
1.2916667 0.845978 0.845978 2 2 0
1.29 0.84728 0.84728 2 2 0
1.2883333 0.8485292 0.8485292 2 2 0
1.2866667 0.8495038 0.8495038 2 2 0
1.285 0.850204 0.850204 2 2 0
1.2833333 0.8511953 0.8511953 2 2 0
1.2816667 0.8524915 0.8524915 2 2 0
1.28 0.8535153 0.8535153 2 2 0
1.2783333 0.8542664 0.8542664 2 2 0
1.2766667 0.855082 0.855082 2 2 0
1.275 0.8563912 0.8563912 2 2 0
1.2733333 0.85743 0.85743 2 2 0
1.2716667 0.8581981 0.8581981 2 2 0
1.27 0.8589517 0.8589517 2 2 0
1.2683333 0.8602424 0.8602424 2 2 0
1.2666667 0.8612643 0.8612643 2 2 0
1.265 0.8620172 0.8620172 2 2 0
1.2633333 0.8628039 0.8628039 2 2 0
1.2616667 0.8640469 0.8640469 2 2 0
1.26 0.8650215 0.8650215 2 2 0
1.2583333 0.8657268 0.8657268 2 2 0
1.2566667 0.8666289 0.8666289 2 2 0
1.255 0.8677942 0.8677942 2 2 0
1.2533333 0.8686922 0.8686922 2 2 0
1.2516667 0.8693227 0.8693227 2 2 0
1.25 0.8704072 0.8704072 2 2 0
1.2483333 0.8714673 0.8714673 2 2 0
1.2466667 0.8722617 0.8722617 2 2 0
1.245 0.8729181 0.8729181 2 2 0
1.2433333 0.8741119 0.8741119 2 2 0
1.2416667 0.8750411 0.8750411 2 2 0
1.24 0.8757037 0.8757037 2 2 0
1.2383333 0.8766703 0.8766703 2 2 0
1.2366667 0.8777073 0.8777073 2 2 0
1.235 0.8784794 0.8784794 2 2 0
1.2333333 0.8791805 0.8791805 2 2 0
1.2316667 0.8802993 0.8802993 2 2 0
1.23 0.881155 0.881155 2 2 0
1.2283333 0.8817454 0.8817454 2 2 0
1.2266667 0.8828446 0.8828446 2 2 0
1.225 0.8837583 0.8837583 2 2 0
1.2233333 0.8844079 0.8844079 2 2 0
1.2216667 0.8853615 0.8853615 2 2 0
1.22 0.8863105 0.8863105 2 2 0
1.2183333 0.8869967 0.8869967 2 2 0
1.2166667 0.887864 0.887864 2 2 0
1.215 0.8888252 0.8888252 2 2 0
1.2133333 0.8895229 0.8895229 2 2 0
1.2116667 0.8903559 0.8903559 2 2 0
1.21 0.8913081 0.8913081 2 2 0
1.2083333 0.891998 0.891998 2 2 0
1.2066667 0.8928393 0.8928393 2 2 0
1.205 0.8937611 0.8937611 2 2 0
1.2033333 0.8944198 0.8944198 2 2 0
1.2016667 0.8953079 0.8953079 2 2 0
1.2 0.8961798 0.8961798 2 2 0
1.1983333 0.8967879 0.8967879 2 2 0
1.1966667 0.8977533 0.8977533 2 2 0
1.195 0.8985547 0.8985547 2 2 0
1.1933333 0.8991866 0.8991866 2 2 0
1.1916667 0.900162 0.900162 2 2 0
1.19 0.9008745 0.9008745 2 2 0
1.1883333 0.9016481 0.9016481 2 2 0
1.1866667 0.9025163 0.9025163 2 2 0
1.185 0.9031209 0.9031209 2 2 0
1.1833333 0.9040547 0.9040547 2 2 0
1.1816667 0.904797 0.904797 2 2 0
1.18 0.9055165 0.9055165 2 2 0
1.1783333 0.9063803 0.9063803 2 2 0
1.1766667 0.9069801 0.9069801 2 2 0
1.175 0.9078972 0.9078972 2 2 0
1.1733333 0.9086004 0.9086004 2 2 0
1.1716667 0.9093669 0.9093669 2 2 0
1.17 0.9101595 0.9101595 2 2 0
1.1683333 0.9108084 0.9108084 2 2 0
1.1666667 0.9116732 0.9116732 2 2 0
1.165 0.9122721 0.9122721 2 2 0
1.1633333 0.9131572 0.9131572 2 2 0
1.1616667 0.9138136 0.9138136 2 2 0
1.16 0.9146211 0.9146211 2 2 0
1.1583333 0.9153205 0.9153205 2 2 0
1.1566667 0.9160746 0.9160746 2 2 0
1.155 0.9168022 0.9168022 2 2 0
1.1533333 0.9175211 0.9175211 2 2 0
1.1516667 0.9182637 0.9182637 2 2 0
1.15 0.9189663 0.9189663 2 2 0
1.1483333 0.9197089 0.9197089 2 2 0
1.1466667 0.9204081 0.9204081 2 2 0
1.145 0.9211393 0.9211393 2 2 0
1.1433333 0.9218482 0.9218482 2 2 0
1.1416667 0.9225529 0.9225529 2 2 0
1.14 0.9232818 0.9232818 2 2 0
1.1383333 0.923949 0.923949 2 2 0
1.1366667 0.9247052 0.9247052 2 2 0
1.135 0.9253203 0.9253203 2 2 0
1.1333333 0.9261122 0.9261122 2 2 0
1.1316667 0.926742 0.926742 2 2 0
1.13 0.9274938 0.9274938 2 2 0
1.1283333 0.9281775 0.9281775 2 2 0
1.1266667 0.9288427 0.9288427 2 2 0
1.125 0.9295808 0.9295808 2 2 0
1.1233333 0.9302056 0.9302056 2 2 0
1.1216667 0.9309415 0.9309415 2 2 0
1.12 0.93163 0.93163 2 2 0
1.1183333 0.9322442 0.9322442 2 2 0
1.1166667 0.932997 0.932997 2 2 0
1.115 0.9336675 0.9336675 2 2 0
1.1133333 0.9342886 0.9342886 2 2 0
1.1116667 0.9350258 0.9350258 2 2 0
1.11 0.9356997 0.9356997 2 2 0
1.1083333 0.9363245 0.9363245 2 2 0
1.1066667 0.9370266 0.9370266 2 2 0
1.105 0.9377164 0.9377164 2 2 0
1.1033333 0.9383691 0.9383691 2 2 0
1.1016667 0.9389938 0.9389938 2 2 0
1.1 0.9396922 0.9396922 2 2 0
1.0983333 0.9403744 0.9403744 2 2 0
1.0966667 0.9410351 0.9410351 2 2 0
1.095 0.9416783 0.9416783 2 2 0
1.0933333 0.9423115 0.9423115 2 2 0
1.5383333 0.5 0.5 2 2 0
1.5383333 0.4706105 0.4706105 2 2 0
1.5366667 0.4569955 0.4569955 2 2 0
1.535 0.4483929 0.4483929 2 2 0
1.5333333 0.4424956 0.4424956 2 2 0
1.5316667 0.4385319 0.4385319 2 2 0
1.53 0.4361448 0.4361448 2 2 0
1.5283333 0.4312924 0.4312924 2 2 0
1.5266667 0.4207965 0.4207965 2 2 0
1.525 0.4124979 0.4124979 2 2 0
1.5233333 0.4058124 0.4058124 2 2 0
1.5216667 0.4004235 0.4004235 2 2 0
1.52 0.3961269 0.3961269 2 2 0
1.5183333 0.3928004 0.3928004 2 2 0
1.5166667 0.3903572 0.3903572 2 2 0
1.515 0.3887415 0.3887415 2 2 0
1.5133333 0.3873425 0.3873425 2 2 0
1.5116667 0.3806532 0.3806532 2 2 0
1.51 0.3749918 0.3749918 2 2 0
1.5083333 0.3702333 0.3702333 2 2 0
1.5066667 0.3662779 0.3662779 2 2 0
1.505 0.3630584 0.3630584 2 2 0
1.5033333 0.3605323 0.3605323 2 2 0
1.5016667 0.3586594 0.3586594 2 2 0
1.5 0.3574201 0.3574201 2 2 0
1.4983333 0.3557546 0.3557546 2 2 0
1.4966667 0.3506685 0.3506685 2 2 0
1.495 0.3463016 0.3463016 2 2 0
1.4933333 0.3425972 0.3425972 2 2 0
1.4916667 0.339511 0.339511 2 2 0
1.49 0.3370084 0.3370084 2 2 0
1.4883333 0.3350703 0.3350703 2 2 0
1.4866667 0.3336779 0.3336779 2 2 0
1.485 0.3328174 0.3328174 2 2 0
1.4833333 0.3296876 0.3296876 2 2 0
1.4816667 0.3256874 0.3256874 2 2 0
1.48 0.3222574 0.3222574 2 2 0
1.4783333 0.319368 0.319368 2 2 0
1.4766667 0.316993 0.316993 2 2 0
1.475 0.3151198 0.3151198 2 2 0
1.4733333 0.3137329 0.3137329 2 2 0
1.4716667 0.312823 0.312823 2 2 0
1.47 0.3107896 0.3107896 2 2 0
1.4683333 0.3071739 0.3071739 2 2 0
1.4666667 0.304062 0.304062 2 2 0
1.465 0.3014347 0.3014347 2 2 0
1.4633333 0.2992712 0.2992712 2 2 0
1.4616667 0.2975612 0.2975612 2 2 0
1.46 0.2962944 0.2962944 2 2 0
1.4583333 0.2954661 0.2954661 2 2 0
1.4566667 0.2933941 0.2933941 2 2 0
1.455 0.2901913 0.2901913 2 2 0
1.4533333 0.2874434 0.2874434 2 2 0
1.4516667 0.2851322 0.2851322 2 2 0
1.45 0.2832485 0.2832485 2 2 0
1.4483333 0.2817814 0.2817814 2 2 0
1.4466667 0.2807258 0.2807258 2 2 0
1.445 0.2800767 0.2800767 2 2 0
1.4433333 0.2772368 0.2772368 2 2 0
1.4416667 0.2744781 0.2744781 2 2 0
1.44 0.2721322 0.2721322 2 2 0
1.4383333 0.2701907 0.2701907 2 2 0
1.4366667 0.2686447 0.2686447 2 2 0
1.435 0.2674878 0.2674878 2 2 0
1.4333333 0.2667164 0.2667164 2 2 0
1.4316667 0.2649091 0.2649091 2 2 0
1.43 0.2622297 0.2622297 2 2 0
1.4283333 0.2599414 0.2599414 2 2 0
1.4266667 0.2580369 0.2580369 2 2 0
1.425 0.25651 0.25651 2 2 0
1.4233333 0.2553527 0.2553527 2 2 0
1.4216667 0.2545638 0.2545638 2 2 0
1.42 0.2530641 0.2530641 2 2 0
1.4183333 0.2505396 0.2505396 2 2 0
1.4166667 0.2483866 0.2483866 2 2 0
1.415 0.2465988 0.2465988 2 2 0
1.4133333 0.2451697 0.2451697 2 2 0
1.4116667 0.2440963 0.2440963 2 2 0
1.41 0.2433771 0.2433771 2 2 0
1.4083333 0.2416529 0.2416529 2 2 0
1.4066667 0.2393449 0.2393449 2 2 0
1.405 0.237392 0.237392 2 2 0
1.4033333 0.2357877 0.2357877 2 2 0
1.4016667 0.2345289 0.2345289 2 2 0
1.4 0.2336114 0.2336114 2 2 0
1.3983333 0.2330334 0.2330334 2 2 0
1.3966667 0.2306891 0.2306891 2 2 0
1.395 0.2286529 0.2286529 2 2 0
1.3933333 0.2269551 0.2269551 2 2 0
1.3916667 0.2255946 0.2255946 2 2 0
1.39 0.2245651 0.2245651 2 2 0
1.3883333 0.2238655 0.2238655 2 2 0
1.3866667 0.2222832 0.2222832 2 2 0
1.385 0.2202353 0.2202353 2 2 0
1.3833333 0.2185183 0.2185183 2 2 0
1.3816667 0.2171265 0.2171265 2 2 0
1.38 0.2160586 0.2160586 2 2 0
1.3783333 0.2153138 0.2153138 2 2 0
1.3766667 0.2140557 0.2140557 2 2 0
1.375 0.2120599 0.2120599 2 2 0
1.3733333 0.2103868 0.2103868 2 2 0
1.3716667 0.2090296 0.2090296 2 2 0
1.37 0.207989 0.207989 2 2 0
1.3683333 0.2072638 0.2072638 2 2 0
1.3666667 0.2059868 0.2059868 2 2 0
1.365 0.2040997 0.2040997 2 2 0
1.3633333 0.2025265 0.2025265 2 2 0
1.3616667 0.2012625 0.2012625 2 2 0
1.36 0.2003073 0.2003073 2 2 0
1.3583333 0.1996599 0.1996599 2 2 0
1.3566667 0.1980927 0.1980927 2 2 0
1.355 0.1963646 0.1963646 2 2 0
1.3533333 0.1949407 0.1949407 2 2 0
1.3516667 0.1938216 0.1938216 2 2 0
1.35 0.1930035 0.1930035 2 2 0
1.3483333 0.1922441 0.1922441 2 2 0
1.3466667 0.1904183 0.1904183 2 2 0
1.345 0.1888929 0.1888929 2 2 0
1.3433333 0.1876677 0.1876677 2 2 0
1.3416667 0.1867393 0.1867393 2 2 0
1.34 0.1861075 0.1861075 2 2 0
1.3383333 0.1846037 0.1846037 2 2 0
1.3366667 0.1830289 0.1830289 2 2 0
1.335 0.1817506 0.1817506 2 2 0
1.3333333 0.1807645 0.1807645 2 2 0
1.3316667 0.1800705 0.1800705 2 2 0
1.33 0.1788716 0.1788716 2 2 0
1.3283333 0.1772974 0.1772974 2 2 0
1.3266667 0.1760124 0.1760124 2 2 0
1.325 0.1750174 0.1750174 2 2 0
1.3233333 0.1743121 0.1743121 2 2 0
1.3216667 0.173203 0.173203 2 2 0
1.32 0.1716721 0.1716721 2 2 0
1.3183333 0.1704277 0.1704277 2 2 0
1.3166667 0.1694687 0.1694687 2 2 0
1.315 0.1687946 0.1687946 2 2 0
1.3133333 0.1675999 0.1675999 2 2 0
1.3116667 0.1661528 0.1661528 2 2 0
1.31 0.1649885 0.1649885 2 2 0
1.3083333 0.1641074 0.1641074 2 2 0
1.3066667 0.1635089 0.1635089 2 2 0
1.305 0.1620826 0.1620826 2 2 0
1.3033333 0.1607589 0.1607589 2 2 0
1.3016667 0.1597145 0.1597145 2 2 0
1.3 0.1589487 0.1589487 2 2 0
1.2983333 0.1581336 0.1581336 2 2 0
1.2966667 0.1566903 0.1566903 2 2 0
1.295 0.1555243 0.1555243 2 2 0
1.2933333 0.154635 0.154635 2 2 0
1.2916667 0.154022 0.154022 2 2 0
1.29 0.15272 0.15272 2 2 0
1.2883333 0.1514708 0.1514708 2 2 0
1.2866667 0.1504962 0.1504962 2 2 0
1.285 0.149796 0.149796 2 2 0
1.2833333 0.1488047 0.1488047 2 2 0
1.2816667 0.1475085 0.1475085 2 2 0
1.28 0.1464847 0.1464847 2 2 0
1.2783333 0.1457336 0.1457336 2 2 0
1.2766667 0.144918 0.144918 2 2 0
1.275 0.1436088 0.1436088 2 2 0
1.2733333 0.14257 0.14257 2 2 0
1.2716667 0.1418019 0.1418019 2 2 0
1.27 0.1410483 0.1410483 2 2 0
1.2683333 0.1397576 0.1397576 2 2 0
1.2666667 0.1387357 0.1387357 2 2 0
1.265 0.1379828 0.1379828 2 2 0
1.2633333 0.1371961 0.1371961 2 2 0
1.2616667 0.1359531 0.1359531 2 2 0
1.26 0.1349785 0.1349785 2 2 0
1.2583333 0.1342732 0.1342732 2 2 0
1.2566667 0.1333711 0.1333711 2 2 0
1.255 0.1322058 0.1322058 2 2 0
1.2533333 0.1313078 0.1313078 2 2 0
1.2516667 0.1306773 0.1306773 2 2 0
1.25 0.1295928 0.1295928 2 2 0
1.2483333 0.1285327 0.1285327 2 2 0
1.2466667 0.1277383 0.1277383 2 2 0
1.245 0.1270819 0.1270819 2 2 0
1.2433333 0.1258881 0.1258881 2 2 0
1.2416667 0.1249589 0.1249589 2 2 0
1.24 0.1242963 0.1242963 2 2 0
1.2383333 0.1233297 0.1233297 2 2 0
1.2366667 0.1222927 0.1222927 2 2 0
1.235 0.1215206 0.1215206 2 2 0
1.2333333 0.1208195 0.1208195 2 2 0
1.2316667 0.1197007 0.1197007 2 2 0
1.23 0.118845 0.118845 2 2 0
1.2283333 0.1182546 0.1182546 2 2 0
1.2266667 0.1171554 0.1171554 2 2 0
1.225 0.1162417 0.1162417 2 2 0
1.2233333 0.1155921 0.1155921 2 2 0
1.2216667 0.1146385 0.1146385 2 2 0
1.22 0.1136895 0.1136895 2 2 0
1.2183333 0.1130033 0.1130033 2 2 0
1.2166667 0.112136 0.112136 2 2 0
1.215 0.1111748 0.1111748 2 2 0
1.2133333 0.1104771 0.1104771 2 2 0
1.2116667 0.1096441 0.1096441 2 2 0
1.21 0.1086919 0.1086919 2 2 0
1.2083333 0.108002 0.108002 2 2 0
1.2066667 0.1071607 0.1071607 2 2 0
1.205 0.1062389 0.1062389 2 2 0
1.2033333 0.1055802 0.1055802 2 2 0
1.2016667 0.1046921 0.1046921 2 2 0
1.2 0.1038202 0.1038202 2 2 0
1.1983333 0.1032121 0.1032121 2 2 0
1.1966667 0.1022467 0.1022467 2 2 0
1.195 0.1014453 0.1014453 2 2 0
1.1933333 0.1008134 0.1008134 2 2 0
1.1916667 0.099838 0.099838 2 2 0
1.19 0.0991255 0.0991255 2 2 0
1.1883333 0.0983519 0.0983519 2 2 0
1.1866667 0.0974837 0.0974837 2 2 0
1.185 0.0968791 0.0968791 2 2 0
1.1833333 0.0959453 0.0959453 2 2 0
1.1816667 0.095203 0.095203 2 2 0
1.18 0.0944835 0.0944835 2 2 0
1.1783333 0.0936197 0.0936197 2 2 0
1.1766667 0.0930199 0.0930199 2 2 0
1.175 0.0921028 0.0921028 2 2 0
1.1733333 0.0913996 0.0913996 2 2 0
1.1716667 0.0906331 0.0906331 2 2 0
1.17 0.0898405 0.0898405 2 2 0
1.1683333 0.0891916 0.0891916 2 2 0
1.1666667 0.0883268 0.0883268 2 2 0
1.165 0.0877279 0.0877279 2 2 0
1.1633333 0.0868428 0.0868428 2 2 0
1.1616667 0.0861864 0.0861864 2 2 0
1.16 0.0853789 0.0853789 2 2 0
1.1583333 0.0846795 0.0846795 2 2 0
1.1566667 0.0839254 0.0839254 2 2 0
1.155 0.0831978 0.0831978 2 2 0
1.1533333 0.0824789 0.0824789 2 2 0
1.1516667 0.0817363 0.0817363 2 2 0
1.15 0.0810337 0.0810337 2 2 0
1.1483333 0.0802911 0.0802911 2 2 0
1.1466667 0.0795919 0.0795919 2 2 0
1.145 0.0788607 0.0788607 2 2 0
1.1433333 0.0781518 0.0781518 2 2 0
1.1416667 0.0774471 0.0774471 2 2 0
1.14 0.0767182 0.0767182 2 2 0
1.1383333 0.076051 0.076051 2 2 0
1.1366667 0.0752948 0.0752948 2 2 0
1.135 0.0746797 0.0746797 2 2 0
1.1333333 0.0738878 0.0738878 2 2 0
1.1316667 0.073258 0.073258 2 2 0
1.13 0.0725062 0.0725062 2 2 0
1.1283333 0.0718225 0.0718225 2 2 0
1.1266667 0.0711573 0.0711573 2 2 0
1.125 0.0704192 0.0704192 2 2 0
1.1233333 0.0697944 0.0697944 2 2 0
1.1216667 0.0690585 0.0690585 2 2 0
1.12 0.06837 0.06837 2 2 0
1.1183333 0.0677558 0.0677558 2 2 0
1.1166667 0.067003 0.067003 2 2 0
1.115 0.0663325 0.0663325 2 2 0
1.1133333 0.0657114 0.0657114 2 2 0
1.1116667 0.0649742 0.0649742 2 2 0
1.11 0.0643003 0.0643003 2 2 0
1.1083333 0.0636755 0.0636755 2 2 0
1.1066667 0.0629734 0.0629734 2 2 0
1.105 0.0622836 0.0622836 2 2 0
1.1033333 0.0616309 0.0616309 2 2 0
1.1016667 0.0610062 0.0610062 2 2 0
1.1 0.0603078 0.0603078 2 2 0
1.0983333 0.0596256 0.0596256 2 2 0
1.0966667 0.0589649 0.0589649 2 2 0
1.095 0.0583217 0.0583217 2 2 0
1.0933333 0.0576885 0.0576885 2 2 0
