2.0 0.5 0.5 2 1 0
1.9974456 0.5 0.5 2 1 0
1.9948911 0.5 0.5 2 1 0
1.9923367 0.5 0.5 2 1 0
1.9897822 0.5 0.5 2 1 0
1.9872278 0.5 0.5 2 1 0
1.9846734 0.5 0.5 2 1 0
1.9821189 0.5 0.5 2 1 0
1.9795645 0.5 0.5 2 1 0
1.9770101 0.5 0.5 2 1 0
1.9744556 0.5 0.5 2 1 0
1.9719012 0.5 0.5 2 1 0
1.9693467 0.5 0.5 2 1 0
1.9667923 0.5 0.5 2 1 0
1.9642379 0.5 0.5 2 1 0
1.9616834 0.5 0.5 2 1 0
1.959129 0.5 0.5 2 1 0
1.9565745 0.5 0.5 2 1 0
1.9540201 0.5 0.5 2 1 0
1.9514657 0.5 0.5 2 1 0
1.9489112 0.5 0.5 2 1 0
1.9463568 0.5 0.5 2 1 0
1.9438023 0.5 0.5 2 1 0
1.9412479 0.5 0.5 2 1 0
1.9386935 0.5 0.5 2 1 0
1.936139 0.5 0.5 2 1 0
1.9335846 0.5 0.5 2 1 0
1.9310302 0.5 0.5 2 1 0
1.9284757 0.5 0.5 2 1 0
1.9259213 0.5 0.5 2 1 0
1.9233668 0.5 0.5 2 1 0
1.9208124 0.5 0.5 2 1 0
1.918258 0.5 0.5 2 1 0
1.9157035 0.5 0.5 2 1 0
1.9131491 0.5 0.5 2 1 0
1.9105946 0.5 0.5 2 1 0
1.9080402 0.5 0.5 2 1 0
1.9054858 0.5 0.5 2 1 0
1.9029313 0.5 0.5 2 1 0
1.9003769 0.5 0.5 2 1 0
1.8978225 0.5 0.5 2 1 0
1.895268 0.5 0.5 2 1 0
1.8927136 0.5 0.5 2 1 0
1.8901591 0.5 0.5 2 1 0
1.8876047 0.5 0.5 2 1 0
1.8850503 0.5 0.5 2 1 0
1.8824958 0.5 0.5 2 1 0
1.8799414 0.5 0.5 2 1 0
1.8773869 0.5 0.5 2 1 0
1.8748325 0.5 0.5 2 1 0
1.8722781 0.5 0.5 2 1 0
1.8697236 0.5 0.5 2 1 0
1.8671692 0.5 0.5 2 1 0
1.8646147 0.5 0.5 2 1 0
1.8620603 0.5 0.5 2 1 0
1.8595059 0.5 0.5 2 1 0
1.8569514 0.5 0.5 2 1 0
1.854397 0.5 0.5 2 1 0
1.8518426 0.5 0.5 2 1 0
1.8492881 0.5 0.5 2 1 0
1.8467337 0.5 0.5 2 1 0
1.8441792 0.5 0.5 2 1 0
1.8416248 0.5 0.5 2 1 0
1.8390704 0.5 0.5 2 1 0
1.8365159 0.5 0.5 2 1 0
1.8339615 0.5 0.5 2 1 0
1.831407 0.5 0.5 2 1 0
1.8288526 0.5 0.5 2 1 0
1.8262982 0.5 0.5 2 1 0
1.8237437 0.5 0.5 2 1 0
1.8211893 0.5 0.5 2 1 0
1.8186349 0.5 0.5 2 1 0
1.8160804 0.5 0.5 2 1 0
1.813526 0.5 0.5 2 1 0
1.8109715 0.5 0.5 2 1 0
1.8084171 0.5 0.5 2 1 0
1.8058627 0.5 0.5 2 1 0
1.8033082 0.5 0.5 2 1 0
1.8007538 0.5 0.5 2 1 0
1.7981993 0.5 0.5 2 1 0
1.7956449 0.5 0.5 2 1 0
1.7930905 0.5 0.5 2 1 0
1.790536 0.5 0.5 2 1 0
1.7879816 0.5 0.5 2 1 0
1.7854271 0.5 0.5 2 1 0
1.7828727 0.5 0.5 2 1 0
1.7803183 0.5 0.5 2 1 0
1.7777638 0.5 0.5 2 1 0
1.7752094 0.5 0.5 2 1 0
1.772655 0.5 0.5 2 1 0
1.7701005 0.5 0.5 2 1 0
1.7675461 0.5 0.5 2 1 0
1.7649916 0.5 0.5 2 1 0
1.7624372 0.5 0.5 2 1 0
1.7598828 0.5 0.5 2 1 0
1.7573283 0.5 0.5 2 1 0
1.7547739 0.5 0.5 2 1 0
1.7522194 0.5 0.5 2 1 0
1.749665 0.5 0.5 2 1 0
1.7471106 0.5 0.5 2 1 0
1.7445561 0.5 0.5 2 1 0
1.7420017 0.5 0.5 2 1 0
1.7394473 0.5 0.5 2 1 0
1.7368928 0.5 0.5 2 1 0
1.7343384 0.5 0.5 2 1 0
1.7317839 0.5 0.5 2 1 0
1.7292295 0.5 0.5 2 1 0
1.7266751 0.5 0.5 2 1 0
1.7241206 0.5 0.5 2 1 0
1.7215662 0.5 0.5 2 1 0
1.7190117 0.5 0.5 2 1 0
1.7164573 0.5 0.5 2 1 0
1.7139029 0.5 0.5 2 1 0
1.7113484 0.5 0.5 2 1 0
1.708794 0.5 0.5 2 1 0
1.7062396 0.5 0.5 2 1 0
1.7036851 0.5 0.5 2 1 0
1.7011307 0.5 0.5 2 1 0
1.6985762 0.5 0.5 2 1 0
1.6960218 0.5 0.5 2 1 0
1.6934674 0.5 0.5 2 1 0
1.6909129 0.5 0.5 2 1 0
1.6883585 0.5 0.5 2 1 0
1.685804 0.5 0.5 2 1 0
1.6832496 0.5 0.5 2 1 0
1.6806952 0.5 0.5 2 1 0
1.6781407 0.5 0.5 2 1 0
1.6755863 0.5 0.5 2 1 0
1.6730318 0.5 0.5 2 1 0
1.6704774 0.5 0.5 2 1 0
1.667923 0.5 0.5 2 1 0
1.6653685 0.5 0.5 2 1 0
1.6628141 0.5 0.5 2 1 0
1.6602597 0.5 0.5 2 1 0
1.6577052 0.5 0.5 2 1 0
1.6551508 0.5 0.5 2 1 0
1.6525963 0.5 0.5 2 1 0
1.6500419 0.5 0.5 2 1 0
1.6474875 0.5 0.5 2 1 0
1.644933 0.5 0.5 2 1 0
1.6423786 0.5 0.5 2 1 0
1.6398241 0.5 0.5 2 1 0
1.6372697 0.5 0.5 2 1 0
1.6347153 0.5 0.5 2 1 0
1.6321608 0.5 0.5 2 1 0
1.6296064 0.5 0.5 2 1 0
1.627052 0.5 0.5 2 1 0
1.6244975 0.5 0.5 2 1 0
1.6219431 0.5 0.5 2 1 0
1.6193886 0.5 0.5 2 1 0
1.6168342 0.5 0.5 2 1 0
1.6142798 0.5 0.5 2 1 0
1.6117253 0.5 0.5 2 1 0
1.6091709 0.5 0.5 2 1 0
1.6066164 0.5 0.5 2 1 0
1.604062 0.5 0.5 2 1 0
1.6015076 0.5 0.5 2 1 0
1.5989531 0.5 0.5 2 1 0
1.5963987 0.5 0.5 2 1 0
1.5938442 0.5 0.5 2 1 0
1.5912898 0.5 0.5 2 1 0
1.5887354 0.5 0.5 2 1 0
1.5861809 0.5 0.5 2 1 0
1.5836265 0.5 0.5 2 1 0
1.5810721 0.5 0.5 2 1 0
1.5785176 0.5 0.5 2 1 0
1.5759632 0.5 0.5 2 1 0
1.5734087 0.5 0.5 2 1 0
1.5708543 0.5 0.5 2 1 0
1.5682999 0.5 0.5 2 1 0
1.5657454 0.5 0.5 2 1 0
1.563191 0.5 0.5 2 1 0
1.5606365 0.5 0.5 2 1 0
1.5580821 0.5 0.5 2 1 0
1.5555277 0.5 0.5 2 1 0
1.5529732 0.5 0.5 2 1 0
1.5504188 0.5 0.5 2 1 0
1.5478644 0.5 0.5 2 1 0
1.5453099 0.5 0.5 2 1 0
1.5427555 0.5 0.5 2 1 0
1.540201 0.5 0.5 2 1 0
1.5376466 0.5 0.5 2 1 0
1.5350922 0.5 0.5 2 1 0
1.5325377 0.5 0.5 2 1 0
1.5299833 0.5 0.5 2 1 0
1.5274288 0.5 0.5 2 1 0
1.5248744 0.5 0.5 2 1 0
1.52232 0.5 0.5 2 1 0
1.5197655 0.5 0.5 2 1 0
1.5172111 0.5 0.5 2 1 0
1.5146566 0.5 0.5 2 1 0
1.5121022 0.5 0.5 2 1 0
1.5095478 0.5 0.5 2 1 0
1.5069933 0.5 0.5 2 1 0
1.5044389 0.5 0.5 2 1 0
1.5018845 0.5 0.5 2 1 0
1.49933 0.5 0.5 2 1 0
1.4967756 0.5 0.5 2 1 0
1.4942211 0.5 0.5 2 1 0
1.4916667 0.5 0.5 2 1 0
1.4916667 0.5 0.5 1 2 0
1.49 0.5 0.5 1 2 0
1.4883333 0.5 0.5 1 2 0
1.4866667 0.5 0.5 1 2 0
1.485 0.5 0.5 1 2 0
1.4833333 0.5 0.5 1 2 0
1.4816667 0.5 0.5 1 2 0
1.48 0.5 0.5 1 2 0
1.4783333 0.5 0.5 1 2 0
1.4766667 0.5 0.5 1 2 0
1.475 0.5 0.5 1 2 0
1.4733333 0.5 0.5 1 2 0
1.4716667 0.5 0.5 1 2 0
1.47 0.5 0.5 1 2 0
1.4683333 0.5 0.5 1 2 0
1.4666667 0.5 0.5 1 2 0
1.465 0.5 0.5 1 2 0
1.4633333 0.5 0.5 1 2 0
1.4616667 0.5 0.5 1 2 0
1.46 0.5 0.5 1 2 0
1.4583333 0.5 0.5 1 2 0
1.4566667 0.5 0.5 1 2 0
1.455 0.5 0.5 1 2 0
1.4533333 0.5 0.5 1 2 0
1.4516667 0.5 0.5 1 2 0
1.45 0.5 0.5 1 2 0
1.4483333 0.5 0.5 1 2 0
1.4466667 0.5 0.5 1 2 0
1.445 0.5 0.5 1 2 0
1.4433333 0.5 0.5 1 2 0
1.4416667 0.5 0.5 1 2 0
1.44 0.5 0.5 1 2 0
1.4383333 0.5 0.5 1 2 0
1.4366667 0.5 0.5 1 2 0
1.435 0.5 0.5 1 2 0
1.4333333 0.5 0.5 1 2 0
1.4316667 0.5 0.5 1 2 0
1.43 0.5 0.5 1 2 0
1.4283333 0.5 0.5 1 2 0
1.4266667 0.5 0.5 1 2 0
1.425 0.5 0.5 1 2 0
1.4233333 0.5 0.5 1 2 0
1.4216667 0.5 0.5 1 2 0
1.42 0.5 0.5 1 2 0
1.4183333 0.5 0.5 1 2 0
1.4166667 0.5 0.5 1 2 0
1.415 0.5 0.5 1 2 0
1.4133333 0.5 0.5 1 2 0
1.4116667 0.5 0.5 1 2 0
1.41 0.5 0.5 1 2 0
1.4083333 0.5 0.5 1 2 0
1.4066667 0.5 0.5 1 2 0
1.405 0.5 0.5 1 2 0
1.4033333 0.5 0.5 1 2 0
1.4016667 0.5 0.5 1 2 0
1.4 0.5 0.5 1 2 0
1.3983333 0.5 0.5 1 2 0
1.3966667 0.5 0.5 1 2 0
1.395 0.5 0.5 1 2 0
1.3933333 0.5 0.5 1 2 0
1.3916667 0.5 0.5 1 2 0
1.39 0.5 0.5 1 2 0
1.3883333 0.5 0.5 1 2 0
1.3866667 0.5 0.5 1 2 0
1.385 0.5 0.5 1 2 0
1.3833333 0.5 0.5 1 2 0
1.3816667 0.5 0.5 1 2 0
1.38 0.5 0.5 1 2 0
1.3783333 0.5 0.5 1 2 0
1.3766667 0.5 0.5 1 2 0
1.375 0.5 0.5 1 2 0
1.3733333 0.5 0.5 1 2 0
1.3716667 0.5 0.5 1 2 0
1.37 0.5 0.5 1 2 0
1.3683333 0.5 0.5 1 2 0
1.3666667 0.5 0.5 1 2 0
1.365 0.5 0.5 1 2 0
1.3633333 0.5 0.5 1 2 0
1.3616667 0.5 0.5 1 2 0
1.36 0.5 0.5 1 2 0
1.3583333 0.5 0.5 1 2 0
1.3566667 0.5 0.5 1 2 0
1.355 0.5 0.5 1 2 0
1.3533333 0.5 0.5 1 2 0
1.3516667 0.5 0.5 1 2 0
1.35 0.5 0.5 1 2 0
1.3483333 0.5 0.5 1 2 0
1.3466667 0.5 0.5 1 2 0
1.345 0.5 0.5 1 2 0
1.3433333 0.5 0.5 1 2 0
1.3416667 0.5 0.5 1 2 0
1.34 0.5 0.5 1 2 0
1.3383333 0.5 0.5 1 2 0
1.3366667 0.5 0.5 1 2 0
1.335 0.5 0.5 1 2 0
1.3333333 0.5 0.5 1 2 0
1.3316667 0.5 0.5 1 2 0
1.33 0.5 0.5 1 2 0
1.3283333 0.5 0.5 1 2 0
1.3266667 0.5 0.5 1 2 0
1.325 0.5 0.5 1 2 0
1.3233333 0.5 0.5 1 2 0
1.3216667 0.5 0.5 1 2 0
1.32 0.5 0.5 1 2 0
1.3183333 0.5 0.5 1 2 0
1.3166667 0.5 0.5 1 2 0
1.315 0.5 0.5 1 2 0
1.3133333 0.5 0.5 1 2 0
1.3116667 0.5 0.5 1 2 0
1.31 0.5 0.5 1 2 0
1.3083333 0.5 0.5 1 2 0
1.3066667 0.5 0.5 1 2 0
1.305 0.5 0.5 1 2 0
1.3033333 0.5 0.5 1 2 0
1.3016667 0.5 0.5 1 2 0
1.3 0.5 0.5 1 2 0
1.2983333 0.5 0.5 1 2 0
1.2966667 0.5 0.5 1 2 0
1.295 0.5 0.5 1 2 0
1.2933333 0.5 0.5 1 2 0
1.2916667 0.5 0.5 1 2 0
1.29 0.5 0.5 1 2 0
1.2883333 0.5 0.5 1 2 0
1.2866667 0.5 0.5 1 2 0
1.285 0.5 0.5 1 2 0
1.2833333 0.5 0.5 1 2 0
1.2816667 0.5 0.5 1 2 0
1.28 0.5 0.5 1 2 0
1.2783333 0.5 0.5 1 2 0
1.2766667 0.5 0.5 1 2 0
1.275 0.5 0.5 1 2 0
1.2733333 0.5 0.5 1 2 0
1.2716667 0.5 0.5 1 2 0
1.27 0.5 0.5 1 2 0
1.2683333 0.5 0.5 1 2 0
1.2666667 0.5 0.5 1 2 0
1.265 0.5 0.5 1 2 0
1.2633333 0.5 0.5 1 2 0
1.2616667 0.5 0.5 1 2 0
1.26 0.5 0.5 1 2 0
1.2583333 0.5 0.5 1 2 0
1.2566667 0.5 0.5 1 2 0
1.255 0.5 0.5 1 2 0
1.2533333 0.5 0.5 1 2 0
1.2516667 0.5 0.5 1 2 0
1.25 0.5 0.5 1 2 0
1.2483333 0.5 0.5 1 2 0
1.2466667 0.5 0.5 1 2 0
1.245 0.5 0.5 1 2 0
1.2433333 0.5 0.5 1 2 0
1.2416667 0.5 0.5 1 2 0
1.24 0.5 0.5 1 2 0
1.2383333 0.5 0.5 1 2 0
1.2366667 0.5 0.5 1 2 0
1.235 0.5 0.5 1 2 0
1.2333333 0.5 0.5 1 2 0
1.2316667 0.5 0.5 1 2 0
1.23 0.5 0.5 1 2 0
1.2283333 0.5 0.5 1 2 0
1.2266667 0.5 0.5 1 2 0
1.225 0.5 0.5 1 2 0
1.2233333 0.5 0.5 1 2 0
1.2216667 0.5 0.5 1 2 0
1.22 0.5 0.5 1 2 0
1.2183333 0.5 0.5 1 2 0
1.2166667 0.5 0.5 1 2 0
1.215 0.5 0.5 1 2 0
1.2133333 0.5 0.5 1 2 0
1.2116667 0.5 0.5 1 2 0
1.21 0.5 0.5 1 2 0
1.2083333 0.5 0.5 1 2 0
1.2066667 0.5 0.5 1 2 0
1.205 0.5 0.5 1 2 0
1.2033333 0.5 0.5 1 2 0
1.2016667 0.5 0.5 1 2 0
1.2 0.5 0.5 1 2 0
1.1983333 0.5 0.5 1 2 0
1.1966667 0.5 0.5 1 2 0
1.195 0.5 0.5 1 2 0
1.1933333 0.5 0.5 1 2 0
1.1916667 0.5 0.5 1 2 0
1.19 0.5 0.5 1 2 0
1.1883333 0.5 0.5 1 2 0
1.1866667 0.5 0.5 1 2 0
1.185 0.5 0.5 1 2 0
1.1833333 0.5 0.5 1 2 0
1.1816667 0.5 0.5 1 2 0
1.18 0.5 0.5 1 2 0
1.1783333 0.5 0.5 1 2 0
1.1766667 0.5 0.5 1 2 0
1.175 0.5 0.5 1 2 0
1.1733333 0.5 0.5 1 2 0
1.1716667 0.5 0.5 1 2 0
1.17 0.5 0.5 1 2 0
1.1683333 0.5 0.5 1 2 0
1.1666667 0.5 0.5 1 2 0
1.165 0.5 0.5 1 2 0
1.1633333 0.5 0.5 1 2 0
1.1616667 0.5 0.5 1 2 0
1.16 0.5 0.5 1 2 0
1.1583333 0.5 0.5 1 2 0
1.1566667 0.5 0.5 1 2 0
1.155 0.5 0.5 1 2 0
1.1533333 0.5 0.5 1 2 0
1.1516667 0.5 0.5 1 2 0
1.15 0.5 0.5 1 2 0
1.1483333 0.5 0.5 1 2 0
1.1466667 0.5 0.5 1 2 0
1.145 0.5 0.5 1 2 0
1.1433333 0.5 0.5 1 2 0
1.1416667 0.5 0.5 1 2 0
1.14 0.5 0.5 1 2 0
1.1383333 0.5 0.5 1 2 0
1.1366667 0.5 0.5 1 2 0
1.135 0.5 0.5 1 2 0
1.1333333 0.5 0.5 1 2 0
1.1316667 0.5 0.5 1 2 0
1.13 0.5 0.5 1 2 0
1.1283333 0.5 0.5 1 2 0
1.1266667 0.5 0.5 1 2 0
1.125 0.5 0.5 1 2 0
1.1233333 0.5 0.5 1 2 0
1.1216667 0.5 0.5 1 2 0
1.12 0.5 0.5 1 2 0
1.1183333 0.5 0.5 1 2 0
1.1166667 0.5 0.5 1 2 0
1.115 0.5 0.5 1 2 0
1.1133333 0.5 0.5 1 2 0
1.1116667 0.5 0.5 1 2 0
1.11 0.5 0.5 1 2 0
1.1083333 0.5 0.5 1 2 0
1.1066667 0.5 0.5 1 2 0
1.105 0.5 0.5 1 2 0
1.1033333 0.5 0.5 1 2 0
1.1016667 0.5 0.5 1 2 0
1.1 0.5 0.5 1 2 0
1.0983333 0.5 0.5 1 2 0
1.0966667 0.5 0.5 1 2 0
1.095 0.5 0.5 1 2 0
1.0933333 0.5 0.5 1 2 0
1.0916667 0.5 0.5 1 2 0
1.09 0.5 0.5 1 2 0
1.0883333 0.5 0.5 1 2 0
1.0866667 0.5 0.5 1 2 0
1.085 0.5 0.5 1 2 0
1.0833333 0.5 0.5 1 2 0
1.0816667 0.5 0.5 1 2 0
1.08 0.5 0.5 1 2 0
1.0783333 0.5 0.5 1 2 0
1.0766667 0.5 0.5 1 2 0
1.075 0.5 0.5 1 2 0
1.0733333 0.5 0.5 1 2 0
1.0716667 0.5 0.5 1 2 0
1.07 0.5 0.5 1 2 0
1.0683333 0.5 0.5 1 2 0
1.0666667 0.5 0.5 1 2 0
1.065 0.5 0.5 1 2 0
1.0633333 0.5 0.5 1 2 0
1.0616667 0.5 0.5 1 2 0
1.06 0.5 0.5 1 2 0
1.0583333 0.5 0.5 1 2 0
1.0566667 0.5 0.5 1 2 0
1.055 0.5 0.5 1 2 0
1.0533333 0.5 0.5 1 2 0
1.0516667 0.5 0.5 1 2 0
1.05 0.5 0.5 1 2 0
1.0483333 0.5 0.5 1 2 0
1.0466667 0.5 0.5 1 2 0
1.045 0.5 0.5 1 2 0
1.0433333 0.5 0.5 1 2 0
1.0416667 0.5 0.5 1 2 0
1.04 0.5 0.5 1 2 0
1.0383333 0.5 0.5 1 2 0
1.0366667 0.5 0.5 1 2 0
1.035 0.5 0.5 1 2 0
1.0333333 0.5 0.5 1 2 0
1.0316667 0.5 0.5 1 2 0
1.03 0.5 0.5 1 2 0
1.0283333 0.5 0.5 1 2 0
1.0266667 0.5 0.5 1 2 0
1.025 0.5 0.5 1 2 0
1.0233333 0.5 0.5 1 2 0
1.0216667 0.5 0.5 1 2 0
1.02 0.5 0.5 1 2 0
1.0183333 0.5 0.5 1 2 0
1.0166667 0.5 0.5 1 2 0
1.015 0.5 0.5 1 2 0
1.0133333 0.5 0.5 1 2 0
1.0116667 0.5 0.5 1 2 0
1.01 0.5 0.5 1 2 0
1.0083333 0.5 0.5 1 2 0
1.0066667 0.5 0.5 1 2 0
1.005 0.5 0.5 1 2 0
1.0033333 0.5 0.5 1 2 0
1.4916667 0.5 0.5 2 2 0
1.4916667 0.5280765 0.5280765 2 2 0
1.49 0.5478492 0.5478492 2 2 0
1.4883333 0.5622792 0.5622792 2 2 0
1.4866667 0.5731671 0.5731671 2 2 0
1.485 0.5819246 0.5819246 2 2 0
1.4833333 0.5891702 0.5891702 2 2 0
1.4816667 0.5952444 0.5952444 2 2 0
1.48 0.6003532 0.6003532 2 2 0
1.4783333 0.6046331 0.6046331 2 2 0
1.4766667 0.6108759 0.6108759 2 2 0
1.475 0.6177419 0.6177419 2 2 0
1.4733333 0.6237607 0.6237607 2 2 0
1.4716667 0.6290443 0.6290443 2 2 0
1.47 0.633669 0.633669 2 2 0
1.4683333 0.6377008 0.6377008 2 2 0
1.4666667 0.6411843 0.6411843 2 2 0
1.465 0.6441542 0.6441542 2 2 0
1.4633333 0.6490177 0.6490177 2 2 0
1.4616667 0.6540269 0.6540269 2 2 0
1.46 0.6585028 0.6585028 2 2 0
1.4583333 0.6624877 0.6624877 2 2 0
1.4566667 0.6660117 0.6660117 2 2 0
1.455 0.6690949 0.6690949 2 2 0
1.4533333 0.6717592 0.6717592 2 2 0
1.4516667 0.6744871 0.6744871 2 2 0
1.45 0.6788822 0.6788822 2 2 0
1.4483333 0.6828446 0.6828446 2 2 0
1.4466667 0.6863974 0.6863974 2 2 0
1.445 0.68956 0.68956 2 2 0
1.4433333 0.6923468 0.6923468 2 2 0
1.4416667 0.69477 0.69477 2 2 0
1.44 0.6968396 0.6968396 2 2 0
1.4383333 0.7004498 0.7004498 2 2 0
1.4366667 0.7040063 0.7040063 2 2 0
1.435 0.7072038 0.7072038 2 2 0
1.4333333 0.7100581 0.7100581 2 2 0
1.4316667 0.7125756 0.7125756 2 2 0
1.43 0.7147675 0.7147675 2 2 0
1.4283333 0.7166384 0.7166384 2 2 0
1.4266667 0.7197371 0.7197371 2 2 0
1.425 0.7229304 0.7229304 2 2 0
1.4233333 0.7258022 0.7258022 2 2 0
1.4216667 0.7283614 0.7283614 2 2 0
1.42 0.7306147 0.7306147 2 2 0
1.4183333 0.7325671 0.7325671 2 2 0
1.4166667 0.7342235 0.7342235 2 2 0
1.415 0.7372872 0.7372872 2 2 0
1.4133333 0.7401357 0.7401357 2 2 0
1.4116667 0.742689 0.742689 2 2 0
1.41 0.7449542 0.7449542 2 2 0
1.4083333 0.7469335 0.7469335 2 2 0
1.4066667 0.7486305 0.7486305 2 2 0
1.405 0.7506254 0.7506254 2 2 0
1.4033333 0.7534115 0.7534115 2 2 0
1.4016667 0.7559192 0.7559192 2 2 0
1.4 0.7581508 0.7581508 2 2 0
1.3983333 0.7601107 0.7601107 2 2 0
1.3966667 0.761801 0.761801 2 2 0
1.395 0.7632243 0.7632243 2 2 0
1.3933333 0.7658615 0.7658615 2 2 0
1.3916667 0.7682853 0.7682853 2 2 0
1.39 0.7704459 0.7704459 2 2 0
1.3883333 0.7723456 0.7723456 2 2 0
1.3866667 0.7739868 0.7739868 2 2 0
1.385 0.7753689 0.7753689 2 2 0
1.3833333 0.7776321 0.7776321 2 2 0
1.3816667 0.7799414 0.7799414 2 2 0
1.38 0.7819967 0.7819967 2 2 0
1.3783333 0.7837992 0.7837992 2 2 0
1.3766667 0.7853513 0.7853513 2 2 0
1.375 0.7866539 0.7866539 2 2 0
1.3733333 0.7888158 0.7888158 2 2 0
1.3716667 0.7909797 0.7909797 2 2 0
1.37 0.7928974 0.7928974 2 2 0
1.3683333 0.7945702 0.7945702 2 2 0
1.3666667 0.7960002 0.7960002 2 2 0
1.365 0.7972307 0.7972307 2 2 0
1.3633333 0.7994604 0.7994604 2 2 0
1.3616667 0.8014507 0.8014507 2 2 0
1.36 0.8032021 0.8032021 2 2 0
1.3583333 0.8047144 0.8047144 2 2 0
1.3566667 0.8059889 0.8059889 2 2 0
1.355 0.8075593 0.8075593 2 2 0
1.3533333 0.8095839 0.8095839 2 2 0
1.3516667 0.8113742 0.8113742 2 2 0
1.35 0.8129308 0.8129308 2 2 0
1.3483333 0.8142525 0.8142525 2 2 0
1.3466667 0.8153594 0.8153594 2 2 0
1.345 0.8173832 0.8173832 2 2 0
1.3433333 0.8191777 0.8191777 2 2 0
1.3416667 0.8207417 0.8207417 2 2 0
1.34 0.8220756 0.8220756 2 2 0
1.3383333 0.8231782 0.8231782 2 2 0
1.3366667 0.8249069 0.8249069 2 2 0
1.335 0.8266726 0.8266726 2 2 0
1.3333333 0.8282118 0.8282118 2 2 0
1.3316667 0.8295233 0.8295233 2 2 0
1.33 0.830607 0.830607 2 2 0
1.3283333 0.832189 0.832189 2 2 0
1.3266667 0.8338967 0.8338967 2 2 0
1.325 0.8353799 0.8353799 2 2 0
1.3233333 0.8366383 0.8366383 2 2 0
1.3216667 0.8376709 0.8376709 2 2 0
1.32 0.8392459 0.8392459 2 2 0
1.3183333 0.840867 0.840867 2 2 0
1.3166667 0.8422658 0.8422658 2 2 0
1.315 0.8434413 0.8434413 2 2 0
1.3133333 0.8443926 0.8443926 2 2 0
1.3116667 0.846078 0.846078 2 2 0
1.31 0.8475852 0.8475852 2 2 0
1.3083333 0.8488719 0.8488719 2 2 0
1.3066667 0.8499364 0.8499364 2 2 0
1.305 0.8510851 0.8510851 2 2 0
1.3033333 0.8526712 0.8526712 2 2 0
1.3016667 0.8540391 0.8540391 2 2 0
1.3 0.8551865 0.8551865 2 2 0
1.2983333 0.8561125 0.8561125 2 2 0
1.2966667 0.8575801 0.8575801 2 2 0
1.295 0.8590012 0.8590012 2 2 0
1.2933333 0.8602034 0.8602034 2 2 0
1.2916667 0.8611855 0.8611855 2 2 0
1.29 0.8623529 0.8623529 2 2 0
1.2883333 0.8638008 0.8638008 2 2 0
1.2866667 0.8650314 0.8650314 2 2 0
1.285 0.8660428 0.8660428 2 2 0
1.2833333 0.8670177 0.8670177 2 2 0
1.2816667 0.8684674 0.8684674 2 2 0
1.28 0.8697009 0.8697009 2 2 0
1.2783333 0.870716 0.870716 2 2 0
1.2766667 0.8715908 0.8715908 2 2 0
1.275 0.8730192 0.8730192 2 2 0
1.2733333 0.8742315 0.8742315 2 2 0
1.2716667 0.8752257 0.8752257 2 2 0
1.27 0.87608 0.87608 2 2 0
1.2683333 0.8774638 0.8774638 2 2 0
1.2666667 0.8786319 0.8786319 2 2 0
1.265 0.8795817 0.8795817 2 2 0
1.2633333 0.8804835 0.8804835 2 2 0
1.2616667 0.881801 0.881801 2 2 0
1.26 0.8829022 0.8829022 2 2 0
1.2583333 0.8837847 0.8837847 2 2 0
1.2566667 0.8847927 0.8847927 2 2 0
1.255 0.8860223 0.8860223 2 2 0
1.2533333 0.8870345 0.8870345 2 2 0
1.2516667 0.8878271 0.8878271 2 2 0
1.25 0.888992 0.888992 2 2 0
1.2483333 0.8901121 0.8901121 2 2 0
1.2466667 0.8910136 0.8910136 2 2 0
1.245 0.8918521 0.8918521 2 2 0
1.2433333 0.8930593 0.8930593 2 2 0
1.2416667 0.8940487 0.8940487 2 2 0
1.24 0.8948177 0.8948177 2 2 0
1.2383333 0.8959093 0.8959093 2 2 0
1.2366667 0.8969666 0.8969666 2 2 0
1.235 0.8978039 0.8978039 2 2 0
1.2333333 0.8986882 0.8986882 2 2 0
1.2316667 0.8997941 0.8997941 2 2 0
1.23 0.9006802 0.9006802 2 2 0
1.2283333 0.9014153 0.9014153 2 2 0
1.2266667 0.9025513 0.9025513 2 2 0
1.225 0.9034675 0.9034675 2 2 0
1.2233333 0.9041607 0.9041607 2 2 0
1.2216667 0.9052524 0.9052524 2 2 0
1.22 0.9061805 0.9061805 2 2 0
1.2183333 0.9068851 0.9068851 2 2 0
1.2166667 0.9079063 0.9079063 2 2 0
1.215 0.9088287 0.9088287 2 2 0
1.2133333 0.9095268 0.9095268 2 2 0
1.2116667 0.9105173 0.9105173 2 2 0
1.21 0.9114166 0.9114166 2 2 0
1.2083333 0.9120901 0.9120901 2 2 0
1.2066667 0.9130847 0.9130847 2 2 0
1.205 0.9139438 0.9139438 2 2 0
1.2033333 0.9145784 0.9145784 2 2 0
1.2016667 0.9156049 0.9156049 2 2 0
1.2 0.916407 0.916407 2 2 0
1.1983333 0.9171134 0.9171134 2 2 0
1.1966667 0.918069 0.918069 2 2 0
1.195 0.9187974 0.9187974 2 2 0
1.1933333 0.9195989 0.9195989 2 2 0
1.1916667 0.9204665 0.9204665 2 2 0
1.19 0.9211038 0.9211038 2 2 0
1.1883333 0.9220185 0.9220185 2 2 0
1.1866667 0.9227815 0.9227815 2 2 0
1.185 0.9234821 0.9234821 2 2 0
1.1833333 0.9243554 0.9243554 2 2 0
1.1816667 0.9249961 0.9249961 2 2 0
1.18 0.9258492 0.9258492 2 2 0
1.1783333 0.9265876 0.9265876 2 2 0
1.1766667 0.9272838 0.9272838 2 2 0
1.175 0.9281052 0.9281052 2 2 0
1.1733333 0.9286913 0.9286913 2 2 0
1.1716667 0.9295675 0.9295675 2 2 0
1.17 0.9302232 0.9302232 2 2 0
1.1683333 0.9309877 0.9309877 2 2 0
1.1666667 0.931701 0.931701 2 2 0
1.165 0.9323792 0.9323792 2 2 0
1.1633333 0.9331362 0.9331362 2 2 0
1.1616667 0.9337496 0.9337496 2 2 0
1.16 0.9345389 0.9345389 2 2 0
1.1583333 0.9351062 0.9351062 2 2 0
1.1566667 0.9359149 0.9359149 2 2 0
1.155 0.9364808 0.9364808 2 2 0
1.1533333 0.9372706 0.9372706 2 2 0
1.1516667 0.9378423 0.9378423 2 2 0
1.15 0.9386078 0.9386078 2 2 0
1.1483333 0.9391737 0.9391737 2 2 0
1.1466667 0.9399273 0.9399273 2 2 0
1.145 0.9404763 0.9404763 2 2 0
1.1433333 0.9412293 0.9412293 2 2 0
1.1416667 0.9417795 0.9417795 2 2 0
1.14 0.9425106 0.9425106 2 2 0
1.1383333 0.9430863 0.9430863 2 2 0
1.1366667 0.9437667 0.9437667 2 2 0
1.135 0.9443752 0.9443752 2 2 0
1.1333333 0.944992 0.944992 2 2 0
1.1316667 0.9456381 0.9456381 2 2 0
1.13 0.9461806 0.9461806 2 2 0
1.1283333 0.9468665 0.9468665 2 2 0
1.1266667 0.9474291 0.9474291 2 2 0
1.125 0.9480511 0.9480511 2 2 0
1.1233333 0.9486662 0.9486662 2 2 0
1.1216667 0.949184 0.949184 2 2 0
1.12 0.9498478 0.9498478 2 2 0
1.1183333 0.9504252 0.9504252 2 2 0
1.1166667 0.9509603 0.9509603 2 2 0
1.115 0.9515955 0.9515955 2 2 0
1.1133333 0.9521594 0.9521594 2 2 0
1.1116667 0.9526785 0.9526785 2 2 0
1.11 0.9533011 0.9533011 2 2 0
1.1083333 0.9538688 0.9538688 2 2 0
1.1066667 0.954393 0.954393 2 2 0
1.105 0.9549558 0.9549558 2 2 0
1.1033333 0.9555377 0.9555377 2 2 0
1.1016667 0.9560834 0.9560834 2 2 0
1.1 0.9566035 0.9566035 2 2 0
1.0983333 0.9571339 0.9571339 2 2 0
1.0966667 0.957703 0.957703 2 2 0
1.095 0.9582497 0.9582497 2 2 0
1.0933333 0.9587799 0.9587799 2 2 0
1.0916667 0.9592983 0.9592983 2 2 0
1.09 0.9598081 0.9598081 2 2 0
1.0883333 0.9603144 0.9603144 2 2 0
1.0866667 0.9608512 0.9608512 2 2 0
1.085 0.9613799 0.9613799 2 2 0
1.0833333 0.9619 0.9619 2 2 0
1.0816667 0.9624159 0.9624159 2 2 0
1.08 0.9629253 0.9629253 2 2 0
1.0783333 0.9634324 0.9634324 2 2 0
1.0766667 0.9639333 0.9639333 2 2 0
1.075 0.9644316 0.9644316 2 2 0
1.0733333 0.9649223 0.9649223 2 2 0
1.4916667 0.5 0.5 2 2 0
1.4916667 0.4719235 0.4719235 2 2 0
1.49 0.4521508 0.4521508 2 2 0
1.4883333 0.4377208 0.4377208 2 2 0
1.4866667 0.4268329 0.4268329 2 2 0
1.485 0.4180754 0.4180754 2 2 0
1.4833333 0.4108298 0.4108298 2 2 0
1.4816667 0.4047556 0.4047556 2 2 0
1.48 0.3996468 0.3996468 2 2 0
1.4783333 0.3953669 0.3953669 2 2 0
1.4766667 0.3891241 0.3891241 2 2 0
1.475 0.3822581 0.3822581 2 2 0
1.4733333 0.3762393 0.3762393 2 2 0
1.4716667 0.3709557 0.3709557 2 2 0
1.47 0.366331 0.366331 2 2 0
1.4683333 0.3622992 0.3622992 2 2 0
1.4666667 0.3588157 0.3588157 2 2 0
1.465 0.3558458 0.3558458 2 2 0
1.4633333 0.3509823 0.3509823 2 2 0
1.4616667 0.3459731 0.3459731 2 2 0
1.46 0.3414972 0.3414972 2 2 0
1.4583333 0.3375123 0.3375123 2 2 0
1.4566667 0.3339883 0.3339883 2 2 0
1.455 0.3309051 0.3309051 2 2 0
1.4533333 0.3282408 0.3282408 2 2 0
1.4516667 0.3255129 0.3255129 2 2 0
1.45 0.3211178 0.3211178 2 2 0
1.4483333 0.3171554 0.3171554 2 2 0
1.4466667 0.3136026 0.3136026 2 2 0
1.445 0.31044 0.31044 2 2 0
1.4433333 0.3076532 0.3076532 2 2 0
1.4416667 0.30523 0.30523 2 2 0
1.44 0.3031604 0.3031604 2 2 0
1.4383333 0.2995502 0.2995502 2 2 0
1.4366667 0.2959937 0.2959937 2 2 0
1.435 0.2927962 0.2927962 2 2 0
1.4333333 0.2899419 0.2899419 2 2 0
1.4316667 0.2874244 0.2874244 2 2 0
1.43 0.2852325 0.2852325 2 2 0
1.4283333 0.2833616 0.2833616 2 2 0
1.4266667 0.2802629 0.2802629 2 2 0
1.425 0.2770696 0.2770696 2 2 0
1.4233333 0.2741978 0.2741978 2 2 0
1.4216667 0.2716386 0.2716386 2 2 0
1.42 0.2693853 0.2693853 2 2 0
1.4183333 0.2674329 0.2674329 2 2 0
1.4166667 0.2657765 0.2657765 2 2 0
1.415 0.2627128 0.2627128 2 2 0
1.4133333 0.2598643 0.2598643 2 2 0
1.4116667 0.257311 0.257311 2 2 0
1.41 0.2550458 0.2550458 2 2 0
1.4083333 0.2530665 0.2530665 2 2 0
1.4066667 0.2513695 0.2513695 2 2 0
1.405 0.2493746 0.2493746 2 2 0
1.4033333 0.2465885 0.2465885 2 2 0
1.4016667 0.2440808 0.2440808 2 2 0
1.4 0.2418492 0.2418492 2 2 0
1.3983333 0.2398893 0.2398893 2 2 0
1.3966667 0.238199 0.238199 2 2 0
1.395 0.2367757 0.2367757 2 2 0
1.3933333 0.2341385 0.2341385 2 2 0
1.3916667 0.2317147 0.2317147 2 2 0
1.39 0.2295541 0.2295541 2 2 0
1.3883333 0.2276544 0.2276544 2 2 0
1.3866667 0.2260132 0.2260132 2 2 0
1.385 0.2246311 0.2246311 2 2 0
1.3833333 0.2223679 0.2223679 2 2 0
1.3816667 0.2200586 0.2200586 2 2 0
1.38 0.2180033 0.2180033 2 2 0
1.3783333 0.2162008 0.2162008 2 2 0
1.3766667 0.2146487 0.2146487 2 2 0
1.375 0.2133461 0.2133461 2 2 0
1.3733333 0.2111842 0.2111842 2 2 0
1.3716667 0.2090203 0.2090203 2 2 0
1.37 0.2071026 0.2071026 2 2 0
1.3683333 0.2054298 0.2054298 2 2 0
1.3666667 0.2039998 0.2039998 2 2 0
1.365 0.2027693 0.2027693 2 2 0
1.3633333 0.2005396 0.2005396 2 2 0
1.3616667 0.1985493 0.1985493 2 2 0
1.36 0.1967979 0.1967979 2 2 0
1.3583333 0.1952856 0.1952856 2 2 0
1.3566667 0.1940111 0.1940111 2 2 0
1.355 0.1924407 0.1924407 2 2 0
1.3533333 0.1904161 0.1904161 2 2 0
1.3516667 0.1886258 0.1886258 2 2 0
1.35 0.1870692 0.1870692 2 2 0
1.3483333 0.1857475 0.1857475 2 2 0
1.3466667 0.1846406 0.1846406 2 2 0
1.345 0.1826168 0.1826168 2 2 0
1.3433333 0.1808223 0.1808223 2 2 0
1.3416667 0.1792583 0.1792583 2 2 0
1.34 0.1779244 0.1779244 2 2 0
1.3383333 0.1768218 0.1768218 2 2 0
1.3366667 0.1750931 0.1750931 2 2 0
1.335 0.1733274 0.1733274 2 2 0
1.3333333 0.1717882 0.1717882 2 2 0
1.3316667 0.1704767 0.1704767 2 2 0
1.33 0.169393 0.169393 2 2 0
1.3283333 0.167811 0.167811 2 2 0
1.3266667 0.1661033 0.1661033 2 2 0
1.325 0.1646201 0.1646201 2 2 0
1.3233333 0.1633617 0.1633617 2 2 0
1.3216667 0.1623291 0.1623291 2 2 0
1.32 0.1607541 0.1607541 2 2 0
1.3183333 0.159133 0.159133 2 2 0
1.3166667 0.1577342 0.1577342 2 2 0
1.315 0.1565587 0.1565587 2 2 0
1.3133333 0.1556074 0.1556074 2 2 0
1.3116667 0.153922 0.153922 2 2 0
1.31 0.1524148 0.1524148 2 2 0
1.3083333 0.1511281 0.1511281 2 2 0
1.3066667 0.1500636 0.1500636 2 2 0
1.305 0.1489149 0.1489149 2 2 0
1.3033333 0.1473288 0.1473288 2 2 0
1.3016667 0.1459609 0.1459609 2 2 0
1.3 0.1448135 0.1448135 2 2 0
1.2983333 0.1438875 0.1438875 2 2 0
1.2966667 0.1424199 0.1424199 2 2 0
1.295 0.1409988 0.1409988 2 2 0
1.2933333 0.1397966 0.1397966 2 2 0
1.2916667 0.1388145 0.1388145 2 2 0
1.29 0.1376471 0.1376471 2 2 0
1.2883333 0.1361992 0.1361992 2 2 0
1.2866667 0.1349686 0.1349686 2 2 0
1.285 0.1339572 0.1339572 2 2 0
1.2833333 0.1329823 0.1329823 2 2 0
1.2816667 0.1315326 0.1315326 2 2 0
1.28 0.1302991 0.1302991 2 2 0
1.2783333 0.129284 0.129284 2 2 0
1.2766667 0.1284092 0.1284092 2 2 0
1.275 0.1269808 0.1269808 2 2 0
1.2733333 0.1257685 0.1257685 2 2 0
1.2716667 0.1247743 0.1247743 2 2 0
1.27 0.12392 0.12392 2 2 0
1.2683333 0.1225362 0.1225362 2 2 0
1.2666667 0.1213681 0.1213681 2 2 0
1.265 0.1204183 0.1204183 2 2 0
1.2633333 0.1195165 0.1195165 2 2 0
1.2616667 0.118199 0.118199 2 2 0
1.26 0.1170978 0.1170978 2 2 0
1.2583333 0.1162153 0.1162153 2 2 0
1.2566667 0.1152073 0.1152073 2 2 0
1.255 0.1139777 0.1139777 2 2 0
1.2533333 0.1129655 0.1129655 2 2 0
1.2516667 0.1121729 0.1121729 2 2 0
1.25 0.111008 0.111008 2 2 0
1.2483333 0.1098879 0.1098879 2 2 0
1.2466667 0.1089864 0.1089864 2 2 0
1.245 0.1081479 0.1081479 2 2 0
1.2433333 0.1069407 0.1069407 2 2 0
1.2416667 0.1059513 0.1059513 2 2 0
1.24 0.1051823 0.1051823 2 2 0
1.2383333 0.1040907 0.1040907 2 2 0
1.2366667 0.1030334 0.1030334 2 2 0
1.235 0.1021961 0.1021961 2 2 0
1.2333333 0.1013118 0.1013118 2 2 0
1.2316667 0.1002059 0.1002059 2 2 0
1.23 0.0993198 0.0993198 2 2 0
1.2283333 0.0985847 0.0985847 2 2 0
1.2266667 0.0974487 0.0974487 2 2 0
1.225 0.0965325 0.0965325 2 2 0
1.2233333 0.0958393 0.0958393 2 2 0
1.2216667 0.0947476 0.0947476 2 2 0
1.22 0.0938195 0.0938195 2 2 0
1.2183333 0.0931149 0.0931149 2 2 0
1.2166667 0.0920937 0.0920937 2 2 0
1.215 0.0911713 0.0911713 2 2 0
1.2133333 0.0904732 0.0904732 2 2 0
1.2116667 0.0894827 0.0894827 2 2 0
1.21 0.0885834 0.0885834 2 2 0
1.2083333 0.0879099 0.0879099 2 2 0
1.2066667 0.0869153 0.0869153 2 2 0
1.205 0.0860562 0.0860562 2 2 0
1.2033333 0.0854216 0.0854216 2 2 0
1.2016667 0.0843951 0.0843951 2 2 0
1.2 0.083593 0.083593 2 2 0
1.1983333 0.0828866 0.0828866 2 2 0
1.1966667 0.081931 0.081931 2 2 0
1.195 0.0812026 0.0812026 2 2 0
1.1933333 0.0804011 0.0804011 2 2 0
1.1916667 0.0795335 0.0795335 2 2 0
1.19 0.0788962 0.0788962 2 2 0
1.1883333 0.0779815 0.0779815 2 2 0
1.1866667 0.0772185 0.0772185 2 2 0
1.185 0.0765179 0.0765179 2 2 0
1.1833333 0.0756446 0.0756446 2 2 0
1.1816667 0.0750039 0.0750039 2 2 0
1.18 0.0741508 0.0741508 2 2 0
1.1783333 0.0734124 0.0734124 2 2 0
1.1766667 0.0727162 0.0727162 2 2 0
1.175 0.0718948 0.0718948 2 2 0
1.1733333 0.0713087 0.0713087 2 2 0
1.1716667 0.0704325 0.0704325 2 2 0
1.17 0.0697768 0.0697768 2 2 0
1.1683333 0.0690123 0.0690123 2 2 0
1.1666667 0.068299 0.068299 2 2 0
1.165 0.0676208 0.0676208 2 2 0
1.1633333 0.0668638 0.0668638 2 2 0
1.1616667 0.0662504 0.0662504 2 2 0
1.16 0.0654611 0.0654611 2 2 0
1.1583333 0.0648938 0.0648938 2 2 0
1.1566667 0.0640851 0.0640851 2 2 0
1.155 0.0635192 0.0635192 2 2 0
1.1533333 0.0627294 0.0627294 2 2 0
1.1516667 0.0621577 0.0621577 2 2 0
1.15 0.0613922 0.0613922 2 2 0
1.1483333 0.0608263 0.0608263 2 2 0
1.1466667 0.0600727 0.0600727 2 2 0
1.145 0.0595237 0.0595237 2 2 0
1.1433333 0.0587707 0.0587707 2 2 0
1.1416667 0.0582205 0.0582205 2 2 0
1.14 0.0574894 0.0574894 2 2 0
1.1383333 0.0569137 0.0569137 2 2 0
1.1366667 0.0562333 0.0562333 2 2 0
1.135 0.0556248 0.0556248 2 2 0
1.1333333 0.055008 0.055008 2 2 0
1.1316667 0.0543619 0.0543619 2 2 0
1.13 0.0538194 0.0538194 2 2 0
1.1283333 0.0531335 0.0531335 2 2 0
1.1266667 0.0525709 0.0525709 2 2 0
1.125 0.0519489 0.0519489 2 2 0
1.1233333 0.0513338 0.0513338 2 2 0
1.1216667 0.050816 0.050816 2 2 0
1.12 0.0501522 0.0501522 2 2 0
1.1183333 0.0495748 0.0495748 2 2 0
1.1166667 0.0490397 0.0490397 2 2 0
1.115 0.0484045 0.0484045 2 2 0
1.1133333 0.0478406 0.0478406 2 2 0
1.1116667 0.0473215 0.0473215 2 2 0
1.11 0.0466989 0.0466989 2 2 0
1.1083333 0.0461312 0.0461312 2 2 0
1.1066667 0.045607 0.045607 2 2 0
1.105 0.0450442 0.0450442 2 2 0
1.1033333 0.0444623 0.0444623 2 2 0
1.1016667 0.0439166 0.0439166 2 2 0
1.1 0.0433965 0.0433965 2 2 0
1.0983333 0.0428661 0.0428661 2 2 0
1.0966667 0.042297 0.042297 2 2 0
1.095 0.0417503 0.0417503 2 2 0
1.0933333 0.0412201 0.0412201 2 2 0
1.0916667 0.0407017 0.0407017 2 2 0
1.09 0.0401919 0.0401919 2 2 0
1.0883333 0.0396856 0.0396856 2 2 0
1.0866667 0.0391488 0.0391488 2 2 0
1.085 0.0386201 0.0386201 2 2 0
1.0833333 0.0381 0.0381 2 2 0
1.0816667 0.0375841 0.0375841 2 2 0
1.08 0.0370747 0.0370747 2 2 0
1.0783333 0.0365676 0.0365676 2 2 0
1.0766667 0.0360667 0.0360667 2 2 0
1.075 0.0355684 0.0355684 2 2 0
1.0733333 0.0350777 0.0350777 2 2 0
