2.0 0.5 0.5 2 1 0
1.9974791 0.5 0.5 2 1 0
1.9949581 0.5 0.5 2 1 0
1.9924372 0.5 0.5 2 1 0
1.9899162 0.5 0.5 2 1 0
1.9873953 0.5 0.5 2 1 0
1.9848744 0.5 0.5 2 1 0
1.9823534 0.5 0.5 2 1 0
1.9798325 0.5 0.5 2 1 0
1.9773116 0.5 0.5 2 1 0
1.9747906 0.5 0.5 2 1 0
1.9722697 0.5 0.5 2 1 0
1.9697487 0.5 0.5 2 1 0
1.9672278 0.5 0.5 2 1 0
1.9647069 0.5 0.5 2 1 0
1.9621859 0.5 0.5 2 1 0
1.959665 0.5 0.5 2 1 0
1.9571441 0.5 0.5 2 1 0
1.9546231 0.5 0.5 2 1 0
1.9521022 0.5 0.5 2 1 0
1.9495812 0.5 0.5 2 1 0
1.9470603 0.5 0.5 2 1 0
1.9445394 0.5 0.5 2 1 0
1.9420184 0.5 0.5 2 1 0
1.9394975 0.5 0.5 2 1 0
1.9369765 0.5 0.5 2 1 0
1.9344556 0.5 0.5 2 1 0
1.9319347 0.5 0.5 2 1 0
1.9294137 0.5 0.5 2 1 0
1.9268928 0.5 0.5 2 1 0
1.9243719 0.5 0.5 2 1 0
1.9218509 0.5 0.5 2 1 0
1.91933 0.5 0.5 2 1 0
1.916809 0.5 0.5 2 1 0
1.9142881 0.5 0.5 2 1 0
1.9117672 0.5 0.5 2 1 0
1.9092462 0.5 0.5 2 1 0
1.9067253 0.5 0.5 2 1 0
1.9042043 0.5 0.5 2 1 0
1.9016834 0.5 0.5 2 1 0
1.8991625 0.5 0.5 2 1 0
1.8966415 0.5 0.5 2 1 0
1.8941206 0.5 0.5 2 1 0
1.8915997 0.5 0.5 2 1 0
1.8890787 0.5 0.5 2 1 0
1.8865578 0.5 0.5 2 1 0
1.8840368 0.5 0.5 2 1 0
1.8815159 0.5 0.5 2 1 0
1.878995 0.5 0.5 2 1 0
1.876474 0.5 0.5 2 1 0
1.8739531 0.5 0.5 2 1 0
1.8714322 0.5 0.5 2 1 0
1.8689112 0.5 0.5 2 1 0
1.8663903 0.5 0.5 2 1 0
1.8638693 0.5 0.5 2 1 0
1.8613484 0.5 0.5 2 1 0
1.8588275 0.5 0.5 2 1 0
1.8563065 0.5 0.5 2 1 0
1.8537856 0.5 0.5 2 1 0
1.8512646 0.5 0.5 2 1 0
1.8487437 0.5 0.5 2 1 0
1.8462228 0.5 0.5 2 1 0
1.8437018 0.5 0.5 2 1 0
1.8411809 0.5 0.5 2 1 0
1.83866 0.5 0.5 2 1 0
1.836139 0.5 0.5 2 1 0
1.8336181 0.5 0.5 2 1 0
1.8310971 0.5 0.5 2 1 0
1.8285762 0.5 0.5 2 1 0
1.8260553 0.5 0.5 2 1 0
1.8235343 0.5 0.5 2 1 0
1.8210134 0.5 0.5 2 1 0
1.8184925 0.5 0.5 2 1 0
1.8159715 0.5 0.5 2 1 0
1.8134506 0.5 0.5 2 1 0
1.8109296 0.5 0.5 2 1 0
1.8084087 0.5 0.5 2 1 0
1.8058878 0.5 0.5 2 1 0
1.8033668 0.5 0.5 2 1 0
1.8008459 0.5 0.5 2 1 0
1.7983249 0.5 0.5 2 1 0
1.795804 0.5 0.5 2 1 0
1.7932831 0.5 0.5 2 1 0
1.7907621 0.5 0.5 2 1 0
1.7882412 0.5 0.5 2 1 0
1.7857203 0.5 0.5 2 1 0
1.7831993 0.5 0.5 2 1 0
1.7806784 0.5 0.5 2 1 0
1.7781574 0.5 0.5 2 1 0
1.7756365 0.5 0.5 2 1 0
1.7731156 0.5 0.5 2 1 0
1.7705946 0.5 0.5 2 1 0
1.7680737 0.5 0.5 2 1 0
1.7655527 0.5 0.5 2 1 0
1.7630318 0.5 0.5 2 1 0
1.7605109 0.5 0.5 2 1 0
1.7579899 0.5 0.5 2 1 0
1.755469 0.5 0.5 2 1 0
1.7529481 0.5 0.5 2 1 0
1.7504271 0.5 0.5 2 1 0
1.7479062 0.5 0.5 2 1 0
1.7453852 0.5 0.5 2 1 0
1.7428643 0.5 0.5 2 1 0
1.7403434 0.5 0.5 2 1 0
1.7378224 0.5 0.5 2 1 0
1.7353015 0.5 0.5 2 1 0
1.7327806 0.5 0.5 2 1 0
1.7302596 0.5 0.5 2 1 0
1.7277387 0.5 0.5 2 1 0
1.7252177 0.5 0.5 2 1 0
1.7226968 0.5 0.5 2 1 0
1.7201759 0.5 0.5 2 1 0
1.7176549 0.5 0.5 2 1 0
1.715134 0.5 0.5 2 1 0
1.712613 0.5 0.5 2 1 0
1.7100921 0.5 0.5 2 1 0
1.7075712 0.5 0.5 2 1 0
1.7050502 0.5 0.5 2 1 0
1.7025293 0.5 0.5 2 1 0
1.7000084 0.5 0.5 2 1 0
1.6974874 0.5 0.5 2 1 0
1.6949665 0.5 0.5 2 1 0
1.6924455 0.5 0.5 2 1 0
1.6899246 0.5 0.5 2 1 0
1.6874037 0.5 0.5 2 1 0
1.6848827 0.5 0.5 2 1 0
1.6823618 0.5 0.5 2 1 0
1.6798408 0.5 0.5 2 1 0
1.6773199 0.5 0.5 2 1 0
1.674799 0.5 0.5 2 1 0
1.672278 0.5 0.5 2 1 0
1.6697571 0.5 0.5 2 1 0
1.6672362 0.5 0.5 2 1 0
1.6647152 0.5 0.5 2 1 0
1.6621943 0.5 0.5 2 1 0
1.6596733 0.5 0.5 2 1 0
1.6571524 0.5 0.5 2 1 0
1.6546315 0.5 0.5 2 1 0
1.6521105 0.5 0.5 2 1 0
1.6495896 0.5 0.5 2 1 0
1.6470687 0.5 0.5 2 1 0
1.6445477 0.5 0.5 2 1 0
1.6420268 0.5 0.5 2 1 0
1.6395058 0.5 0.5 2 1 0
1.6369849 0.5 0.5 2 1 0
1.634464 0.5 0.5 2 1 0
1.631943 0.5 0.5 2 1 0
1.6294221 0.5 0.5 2 1 0
1.6269011 0.5 0.5 2 1 0
1.6243802 0.5 0.5 2 1 0
1.6218593 0.5 0.5 2 1 0
1.6193383 0.5 0.5 2 1 0
1.6168174 0.5 0.5 2 1 0
1.6142965 0.5 0.5 2 1 0
1.6117755 0.5 0.5 2 1 0
1.6092546 0.5 0.5 2 1 0
1.6067336 0.5 0.5 2 1 0
1.6042127 0.5 0.5 2 1 0
1.6016918 0.5 0.5 2 1 0
1.5991708 0.5 0.5 2 1 0
1.5966499 0.5 0.5 2 1 0
1.594129 0.5 0.5 2 1 0
1.591608 0.5 0.5 2 1 0
1.5890871 0.5 0.5 2 1 0
1.5865661 0.5 0.5 2 1 0
1.5840452 0.5 0.5 2 1 0
1.5815243 0.5 0.5 2 1 0
1.5790033 0.5 0.5 2 1 0
1.5764824 0.5 0.5 2 1 0
1.5739614 0.5 0.5 2 1 0
1.5714405 0.5 0.5 2 1 0
1.5689196 0.5 0.5 2 1 0
1.5663986 0.5 0.5 2 1 0
1.5638777 0.5 0.5 2 1 0
1.5613568 0.5 0.5 2 1 0
1.5588358 0.5 0.5 2 1 0
1.5563149 0.5 0.5 2 1 0
1.5537939 0.5 0.5 2 1 0
1.551273 0.5 0.5 2 1 0
1.5487521 0.5 0.5 2 1 0
1.5462311 0.5 0.5 2 1 0
1.5437102 0.5 0.5 2 1 0
1.5411892 0.5 0.5 2 1 0
1.5386683 0.5 0.5 2 1 0
1.5361474 0.5 0.5 2 1 0
1.5336264 0.5 0.5 2 1 0
1.5311055 0.5 0.5 2 1 0
1.5285846 0.5 0.5 2 1 0
1.5260636 0.5 0.5 2 1 0
1.5235427 0.5 0.5 2 1 0
1.5210217 0.5 0.5 2 1 0
1.5185008 0.5 0.5 2 1 0
1.5159799 0.5 0.5 2 1 0
1.5134589 0.5 0.5 2 1 0
1.510938 0.5 0.5 2 1 0
1.5084171 0.5 0.5 2 1 0
1.5058961 0.5 0.5 2 1 0
1.5033752 0.5 0.5 2 1 0
1.5008542 0.5 0.5 2 1 0
1.4983333 0.5 0.5 2 1 0
1.4983333 0.5 0.5 1 2 0
1.4966667 0.5 0.5 1 2 0
1.495 0.5 0.5 1 2 0
1.4933333 0.5 0.5 1 2 0
1.4916667 0.5 0.5 1 2 0
1.49 0.5 0.5 1 2 0
1.4883333 0.5 0.5 1 2 0
1.4866667 0.5 0.5 1 2 0
1.485 0.5 0.5 1 2 0
1.4833333 0.5 0.5 1 2 0
1.4816667 0.5 0.5 1 2 0
1.48 0.5 0.5 1 2 0
1.4783333 0.5 0.5 1 2 0
1.4766667 0.5 0.5 1 2 0
1.475 0.5 0.5 1 2 0
1.4733333 0.5 0.5 1 2 0
1.4716667 0.5 0.5 1 2 0
1.47 0.5 0.5 1 2 0
1.4683333 0.5 0.5 1 2 0
1.4666667 0.5 0.5 1 2 0
1.465 0.5 0.5 1 2 0
1.4633333 0.5 0.5 1 2 0
1.4616667 0.5 0.5 1 2 0
1.46 0.5 0.5 1 2 0
1.4583333 0.5 0.5 1 2 0
1.4566667 0.5 0.5 1 2 0
1.455 0.5 0.5 1 2 0
1.4533333 0.5 0.5 1 2 0
1.4516667 0.5 0.5 1 2 0
1.45 0.5 0.5 1 2 0
1.4483333 0.5 0.5 1 2 0
1.4466667 0.5 0.5 1 2 0
1.445 0.5 0.5 1 2 0
1.4433333 0.5 0.5 1 2 0
1.4416667 0.5 0.5 1 2 0
1.44 0.5 0.5 1 2 0
1.4383333 0.5 0.5 1 2 0
1.4366667 0.5 0.5 1 2 0
1.435 0.5 0.5 1 2 0
1.4333333 0.5 0.5 1 2 0
1.4316667 0.5 0.5 1 2 0
1.43 0.5 0.5 1 2 0
1.4283333 0.5 0.5 1 2 0
1.4266667 0.5 0.5 1 2 0
1.425 0.5 0.5 1 2 0
1.4233333 0.5 0.5 1 2 0
1.4216667 0.5 0.5 1 2 0
1.42 0.5 0.5 1 2 0
1.4183333 0.5 0.5 1 2 0
1.4166667 0.5 0.5 1 2 0
1.415 0.5 0.5 1 2 0
1.4133333 0.5 0.5 1 2 0
1.4116667 0.5 0.5 1 2 0
1.41 0.5 0.5 1 2 0
1.4083333 0.5 0.5 1 2 0
1.4066667 0.5 0.5 1 2 0
1.405 0.5 0.5 1 2 0
1.4033333 0.5 0.5 1 2 0
1.4016667 0.5 0.5 1 2 0
1.4 0.5 0.5 1 2 0
1.3983333 0.5 0.5 1 2 0
1.3966667 0.5 0.5 1 2 0
1.395 0.5 0.5 1 2 0
1.3933333 0.5 0.5 1 2 0
1.3916667 0.5 0.5 1 2 0
1.39 0.5 0.5 1 2 0
1.3883333 0.5 0.5 1 2 0
1.3866667 0.5 0.5 1 2 0
1.385 0.5 0.5 1 2 0
1.3833333 0.5 0.5 1 2 0
1.3816667 0.5 0.5 1 2 0
1.38 0.5 0.5 1 2 0
1.3783333 0.5 0.5 1 2 0
1.3766667 0.5 0.5 1 2 0
1.375 0.5 0.5 1 2 0
1.3733333 0.5 0.5 1 2 0
1.3716667 0.5 0.5 1 2 0
1.37 0.5 0.5 1 2 0
1.3683333 0.5 0.5 1 2 0
1.3666667 0.5 0.5 1 2 0
1.365 0.5 0.5 1 2 0
1.3633333 0.5 0.5 1 2 0
1.3616667 0.5 0.5 1 2 0
1.36 0.5 0.5 1 2 0
1.3583333 0.5 0.5 1 2 0
1.3566667 0.5 0.5 1 2 0
1.355 0.5 0.5 1 2 0
1.3533333 0.5 0.5 1 2 0
1.3516667 0.5 0.5 1 2 0
1.35 0.5 0.5 1 2 0
1.3483333 0.5 0.5 1 2 0
1.3466667 0.5 0.5 1 2 0
1.345 0.5 0.5 1 2 0
1.3433333 0.5 0.5 1 2 0
1.3416667 0.5 0.5 1 2 0
1.34 0.5 0.5 1 2 0
1.3383333 0.5 0.5 1 2 0
1.3366667 0.5 0.5 1 2 0
1.335 0.5 0.5 1 2 0
1.3333333 0.5 0.5 1 2 0
1.3316667 0.5 0.5 1 2 0
1.33 0.5 0.5 1 2 0
1.3283333 0.5 0.5 1 2 0
1.3266667 0.5 0.5 1 2 0
1.325 0.5 0.5 1 2 0
1.3233333 0.5 0.5 1 2 0
1.3216667 0.5 0.5 1 2 0
1.32 0.5 0.5 1 2 0
1.3183333 0.5 0.5 1 2 0
1.3166667 0.5 0.5 1 2 0
1.315 0.5 0.5 1 2 0
1.3133333 0.5 0.5 1 2 0
1.3116667 0.5 0.5 1 2 0
1.31 0.5 0.5 1 2 0
1.3083333 0.5 0.5 1 2 0
1.3066667 0.5 0.5 1 2 0
1.305 0.5 0.5 1 2 0
1.3033333 0.5 0.5 1 2 0
1.3016667 0.5 0.5 1 2 0
1.3 0.5 0.5 1 2 0
1.2983333 0.5 0.5 1 2 0
1.2966667 0.5 0.5 1 2 0
1.295 0.5 0.5 1 2 0
1.2933333 0.5 0.5 1 2 0
1.2916667 0.5 0.5 1 2 0
1.29 0.5 0.5 1 2 0
1.2883333 0.5 0.5 1 2 0
1.2866667 0.5 0.5 1 2 0
1.285 0.5 0.5 1 2 0
1.2833333 0.5 0.5 1 2 0
1.2816667 0.5 0.5 1 2 0
1.28 0.5 0.5 1 2 0
1.2783333 0.5 0.5 1 2 0
1.2766667 0.5 0.5 1 2 0
1.275 0.5 0.5 1 2 0
1.2733333 0.5 0.5 1 2 0
1.2716667 0.5 0.5 1 2 0
1.27 0.5 0.5 1 2 0
1.2683333 0.5 0.5 1 2 0
1.2666667 0.5 0.5 1 2 0
1.265 0.5 0.5 1 2 0
1.2633333 0.5 0.5 1 2 0
1.2616667 0.5 0.5 1 2 0
1.26 0.5 0.5 1 2 0
1.2583333 0.5 0.5 1 2 0
1.2566667 0.5 0.5 1 2 0
1.255 0.5 0.5 1 2 0
1.2533333 0.5 0.5 1 2 0
1.2516667 0.5 0.5 1 2 0
1.25 0.5 0.5 1 2 0
1.2483333 0.5 0.5 1 2 0
1.2466667 0.5 0.5 1 2 0
1.245 0.5 0.5 1 2 0
1.2433333 0.5 0.5 1 2 0
1.2416667 0.5 0.5 1 2 0
1.24 0.5 0.5 1 2 0
1.2383333 0.5 0.5 1 2 0
1.2366667 0.5 0.5 1 2 0
1.235 0.5 0.5 1 2 0
1.2333333 0.5 0.5 1 2 0
1.2316667 0.5 0.5 1 2 0
1.23 0.5 0.5 1 2 0
1.2283333 0.5 0.5 1 2 0
1.2266667 0.5 0.5 1 2 0
1.225 0.5 0.5 1 2 0
1.2233333 0.5 0.5 1 2 0
1.2216667 0.5 0.5 1 2 0
1.22 0.5 0.5 1 2 0
1.2183333 0.5 0.5 1 2 0
1.2166667 0.5 0.5 1 2 0
1.215 0.5 0.5 1 2 0
1.2133333 0.5 0.5 1 2 0
1.2116667 0.5 0.5 1 2 0
1.21 0.5 0.5 1 2 0
1.2083333 0.5 0.5 1 2 0
1.2066667 0.5 0.5 1 2 0
1.205 0.5 0.5 1 2 0
1.2033333 0.5 0.5 1 2 0
1.2016667 0.5 0.5 1 2 0
1.2 0.5 0.5 1 2 0
1.1983333 0.5 0.5 1 2 0
1.1966667 0.5 0.5 1 2 0
1.195 0.5 0.5 1 2 0
1.1933333 0.5 0.5 1 2 0
1.1916667 0.5 0.5 1 2 0
1.19 0.5 0.5 1 2 0
1.1883333 0.5 0.5 1 2 0
1.1866667 0.5 0.5 1 2 0
1.185 0.5 0.5 1 2 0
1.1833333 0.5 0.5 1 2 0
1.1816667 0.5 0.5 1 2 0
1.18 0.5 0.5 1 2 0
1.1783333 0.5 0.5 1 2 0
1.1766667 0.5 0.5 1 2 0
1.175 0.5 0.5 1 2 0
1.1733333 0.5 0.5 1 2 0
1.1716667 0.5 0.5 1 2 0
1.17 0.5 0.5 1 2 0
1.1683333 0.5 0.5 1 2 0
1.1666667 0.5 0.5 1 2 0
1.165 0.5 0.5 1 2 0
1.1633333 0.5 0.5 1 2 0
1.1616667 0.5 0.5 1 2 0
1.16 0.5 0.5 1 2 0
1.1583333 0.5 0.5 1 2 0
1.1566667 0.5 0.5 1 2 0
1.155 0.5 0.5 1 2 0
1.1533333 0.5 0.5 1 2 0
1.1516667 0.5 0.5 1 2 0
1.15 0.5 0.5 1 2 0
1.1483333 0.5 0.5 1 2 0
1.1466667 0.5 0.5 1 2 0
1.145 0.5 0.5 1 2 0
1.1433333 0.5 0.5 1 2 0
1.1416667 0.5 0.5 1 2 0
1.14 0.5 0.5 1 2 0
1.1383333 0.5 0.5 1 2 0
1.1366667 0.5 0.5 1 2 0
1.135 0.5 0.5 1 2 0
1.1333333 0.5 0.5 1 2 0
1.1316667 0.5 0.5 1 2 0
1.13 0.5 0.5 1 2 0
1.1283333 0.5 0.5 1 2 0
1.1266667 0.5 0.5 1 2 0
1.125 0.5 0.5 1 2 0
1.1233333 0.5 0.5 1 2 0
1.1216667 0.5 0.5 1 2 0
1.12 0.5 0.5 1 2 0
1.1183333 0.5 0.5 1 2 0
1.1166667 0.5 0.5 1 2 0
1.115 0.5 0.5 1 2 0
1.1133333 0.5 0.5 1 2 0
1.1116667 0.5 0.5 1 2 0
1.11 0.5 0.5 1 2 0
1.1083333 0.5 0.5 1 2 0
1.1066667 0.5 0.5 1 2 0
1.105 0.5 0.5 1 2 0
1.1033333 0.5 0.5 1 2 0
1.1016667 0.5 0.5 1 2 0
1.1 0.5 0.5 1 2 0
1.0983333 0.5 0.5 1 2 0
1.0966667 0.5 0.5 1 2 0
1.095 0.5 0.5 1 2 0
1.0933333 0.5 0.5 1 2 0
1.0916667 0.5 0.5 1 2 0
1.09 0.5 0.5 1 2 0
1.0883333 0.5 0.5 1 2 0
1.0866667 0.5 0.5 1 2 0
1.085 0.5 0.5 1 2 0
1.0833333 0.5 0.5 1 2 0
1.0816667 0.5 0.5 1 2 0
1.08 0.5 0.5 1 2 0
1.0783333 0.5 0.5 1 2 0
1.0766667 0.5 0.5 1 2 0
1.075 0.5 0.5 1 2 0
1.0733333 0.5 0.5 1 2 0
1.0716667 0.5 0.5 1 2 0
1.07 0.5 0.5 1 2 0
1.0683333 0.5 0.5 1 2 0
1.0666667 0.5 0.5 1 2 0
1.065 0.5 0.5 1 2 0
1.0633333 0.5 0.5 1 2 0
1.0616667 0.5 0.5 1 2 0
1.06 0.5 0.5 1 2 0
1.0583333 0.5 0.5 1 2 0
1.0566667 0.5 0.5 1 2 0
1.055 0.5 0.5 1 2 0
1.0533333 0.5 0.5 1 2 0
1.0516667 0.5 0.5 1 2 0
1.05 0.5 0.5 1 2 0
1.0483333 0.5 0.5 1 2 0
1.0466667 0.5 0.5 1 2 0
1.045 0.5 0.5 1 2 0
1.0433333 0.5 0.5 1 2 0
1.0416667 0.5 0.5 1 2 0
1.04 0.5 0.5 1 2 0
1.0383333 0.5 0.5 1 2 0
1.0366667 0.5 0.5 1 2 0
1.035 0.5 0.5 1 2 0
1.0333333 0.5 0.5 1 2 0
1.0316667 0.5 0.5 1 2 0
1.03 0.5 0.5 1 2 0
1.0283333 0.5 0.5 1 2 0
1.0266667 0.5 0.5 1 2 0
1.025 0.5 0.5 1 2 0
1.0233333 0.5 0.5 1 2 0
1.0216667 0.5 0.5 1 2 0
1.02 0.5 0.5 1 2 0
1.0183333 0.5 0.5 1 2 0
1.0166667 0.5 0.5 1 2 0
1.015 0.5 0.5 1 2 0
1.0133333 0.5 0.5 1 2 0
1.0116667 0.5 0.5 1 2 0
1.01 0.5 0.5 1 2 0
1.0083333 0.5 0.5 1 2 0
1.4983333 0.5 0.5 2 2 0
1.4983333 0.5354534 0.5354534 2 2 0
1.4966667 0.5502719 0.5502719 2 2 0
1.495 0.5608855 0.5608855 2 2 0
1.4933333 0.5692415 0.5692415 2 2 0
1.4916667 0.5760874 0.5760874 2 2 0
1.49 0.5852803 0.5852803 2 2 0
1.4883333 0.5938339 0.5938339 2 2 0
1.4866667 0.6012349 0.6012349 2 2 0
1.485 0.6077156 0.6077156 2 2 0
1.4833333 0.6134268 0.6134268 2 2 0
1.4816667 0.6184746 0.6184746 2 2 0
1.48 0.6229371 0.6229371 2 2 0
1.4783333 0.6268668 0.6268668 2 2 0
1.4766667 0.6323633 0.6323633 2 2 0
1.475 0.6379352 0.6379352 2 2 0
1.4733333 0.6429747 0.6429747 2 2 0
1.4716667 0.6475297 0.6475297 2 2 0
1.47 0.651643 0.651643 2 2 0
1.4683333 0.6553427 0.6553427 2 2 0
1.4666667 0.6586537 0.6586537 2 2 0
1.465 0.6615965 0.6615965 2 2 0
1.4633333 0.6662864 0.6662864 2 2 0
1.4616667 0.6706044 0.6706044 2 2 0
1.46 0.6745508 0.6745508 2 2 0
1.4583333 0.6781462 0.6781462 2 2 0
1.4566667 0.6814044 0.6814044 2 2 0
1.455 0.6843417 0.6843417 2 2 0
1.4533333 0.6869699 0.6869699 2 2 0
1.4516667 0.6901772 0.6901772 2 2 0
1.45 0.6940102 0.6940102 2 2 0
1.4483333 0.697529 0.697529 2 2 0
1.4466667 0.7007495 0.7007495 2 2 0
1.445 0.7036792 0.7036792 2 2 0
1.4433333 0.7063273 0.7063273 2 2 0
1.4416667 0.7087008 0.7087008 2 2 0
1.44 0.7111839 0.7111839 2 2 0
1.4383333 0.7146312 0.7146312 2 2 0
1.4366667 0.7178052 0.7178052 2 2 0
1.435 0.7207119 0.7207119 2 2 0
1.4333333 0.723358 0.723358 2 2 0
1.4316667 0.7257492 0.7257492 2 2 0
1.43 0.7278899 0.7278899 2 2 0
1.4283333 0.7301164 0.7301164 2 2 0
1.4266667 0.7332284 0.7332284 2 2 0
1.425 0.7360927 0.7360927 2 2 0
1.4233333 0.7387122 0.7387122 2 2 0
1.4216667 0.7410927 0.7410927 2 2 0
1.42 0.7432356 0.7432356 2 2 0
1.4183333 0.7451451 0.7451451 2 2 0
1.4166667 0.7474358 0.7474358 2 2 0
1.415 0.7502363 0.7502363 2 2 0
1.4133333 0.7528062 0.7528062 2 2 0
1.4116667 0.7551484 0.7551484 2 2 0
1.41 0.7572648 0.7572648 2 2 0
1.4083333 0.7591581 0.7591581 2 2 0
1.4066667 0.7608292 0.7608292 2 2 0
1.405 0.7634201 0.7634201 2 2 0
1.4033333 0.7659173 0.7659173 2 2 0
1.4016667 0.768196 0.768196 2 2 0
1.4 0.7702585 0.7702585 2 2 0
1.3983333 0.7721062 0.7721062 2 2 0
1.3966667 0.7737391 0.7737391 2 2 0
1.395 0.7758305 0.7758305 2 2 0
1.3933333 0.7782322 0.7782322 2 2 0
1.3916667 0.7804241 0.7804241 2 2 0
1.39 0.782407 0.782407 2 2 0
1.3883333 0.7841816 0.7841816 2 2 0
1.3866667 0.7857477 0.7857477 2 2 0
1.385 0.7875913 0.7875913 2 2 0
1.3833333 0.7898774 0.7898774 2 2 0
1.3816667 0.79196 0.79196 2 2 0
1.38 0.7938387 0.7938387 2 2 0
1.3783333 0.7955139 0.7955139 2 2 0
1.3766667 0.7969861 0.7969861 2 2 0
1.375 0.7987837 0.7987837 2 2 0
1.3733333 0.8009333 0.8009333 2 2 0
1.3716667 0.8028837 0.8028837 2 2 0
1.37 0.8046347 0.8046347 2 2 0
1.3683333 0.8061862 0.8061862 2 2 0
1.3666667 0.807537 0.807537 2 2 0
1.365 0.809454 0.809454 2 2 0
1.3633333 0.8114462 0.8114462 2 2 0
1.3616667 0.8132428 0.8132428 2 2 0
1.36 0.8148428 0.8148428 2 2 0
1.3583333 0.8162451 0.8162451 2 2 0
1.3566667 0.8176165 0.8176165 2 2 0
1.355 0.8196229 0.8196229 2 2 0
1.3533333 0.8214366 0.8214366 2 2 0
1.3516667 0.8230566 0.8230566 2 2 0
1.35 0.824481 0.824481 2 2 0
1.3483333 0.8257092 0.8257092 2 2 0
1.3466667 0.8274827 0.8274827 2 2 0
1.345 0.8292877 0.8292877 2 2 0
1.3433333 0.8309007 0.8309007 2 2 0
1.3416667 0.8323199 0.8323199 2 2 0
1.34 0.8335442 0.8335442 2 2 0
1.3383333 0.8350739 0.8350739 2 2 0
1.3366667 0.8368452 0.8368452 2 2 0
1.335 0.8384258 0.8384258 2 2 0
1.3333333 0.839814 0.839814 2 2 0
1.3316667 0.8410078 0.8410078 2 2 0
1.33 0.8424262 0.8424262 2 2 0
1.3283333 0.8441403 0.8441403 2 2 0
1.3266667 0.8456644 0.8456644 2 2 0
1.325 0.8469961 0.8469961 2 2 0
1.3233333 0.8481335 0.8481335 2 2 0
1.3216667 0.8495549 0.8495549 2 2 0
1.32 0.8511887 0.8511887 2 2 0
1.3183333 0.8526322 0.8526322 2 2 0
1.3166667 0.8538829 0.8538829 2 2 0
1.315 0.8549385 0.8549385 2 2 0
1.3133333 0.8564619 0.8564619 2 2 0
1.3116667 0.8579923 0.8579923 2 2 0
1.31 0.8593315 0.8593315 2 2 0
1.3083333 0.8604765 0.8604765 2 2 0
1.3066667 0.8615427 0.8615427 2 2 0
1.305 0.8631369 0.8631369 2 2 0
1.3033333 0.8645409 0.8645409 2 2 0
1.3016667 0.8657514 0.8657514 2 2 0
1.3 0.8667657 0.8667657 2 2 0
1.2983333 0.8681125 0.8681125 2 2 0
1.2966667 0.8695589 0.8695589 2 2 0
1.295 0.870812 0.870812 2 2 0
1.2933333 0.871869 0.871869 2 2 0
1.2916667 0.872954 0.872954 2 2 0
1.29 0.8744213 0.8744213 2 2 0
1.2883333 0.8756953 0.8756953 2 2 0
1.2866667 0.8767726 0.8767726 2 2 0
1.285 0.8776863 0.8776863 2 2 0
1.2833333 0.8791533 0.8791533 2 2 0
1.2816667 0.8804269 0.8804269 2 2 0
1.28 0.8815028 0.8815028 2 2 0
1.2783333 0.8823777 0.8823777 2 2 0
1.2766667 0.8837712 0.8837712 2 2 0
1.275 0.8850229 0.8850229 2 2 0
1.2733333 0.8860758 0.8860758 2 2 0
1.2716667 0.886926 0.886926 2 2 0
1.27 0.8882825 0.8882825 2 2 0
1.2683333 0.8894923 0.8894923 2 2 0
1.2666667 0.8905008 0.8905008 2 2 0
1.265 0.8913411 0.8913411 2 2 0
1.2633333 0.8926871 0.8926871 2 2 0
1.2616667 0.8938335 0.8938335 2 2 0
1.26 0.8947762 0.8947762 2 2 0
1.2583333 0.8957123 0.8957123 2 2 0
1.2566667 0.896977 0.896977 2 2 0
1.255 0.8980393 0.8980393 2 2 0
1.2533333 0.8988944 0.8988944 2 2 0
1.2516667 0.8999758 0.8999758 2 2 0
1.25 0.9011393 0.9011393 2 2 0
1.2483333 0.9020953 0.9020953 2 2 0
1.2466667 0.9028666 0.9028666 2 2 0
1.245 0.9041123 0.9041123 2 2 0
1.2433333 0.9051516 0.9051516 2 2 0
1.2416667 0.9059785 0.9059785 2 2 0
1.24 0.9069889 0.9069889 2 2 0
1.2383333 0.9080935 0.9080935 2 2 0
1.2366667 0.9089852 0.9089852 2 2 0
1.235 0.9097943 0.9097943 2 2 0
1.2333333 0.910946 0.910946 2 2 0
1.2316667 0.9118853 0.9118853 2 2 0
1.23 0.9126065 0.9126065 2 2 0
1.2283333 0.9137289 0.9137289 2 2 0
1.2266667 0.9146978 0.9146978 2 2 0
1.225 0.9154466 0.9154466 2 2 0
1.2233333 0.9164549 0.9164549 2 2 0
1.2216667 0.9174363 0.9174363 2 2 0
1.22 0.9181951 0.9181951 2 2 0
1.2183333 0.9191323 0.9191323 2 2 0
1.2166667 0.9201092 0.9201092 2 2 0
1.215 0.9208614 0.9208614 2 2 0
1.2133333 0.9217673 0.9217673 2 2 0
1.2116667 0.922723 0.922723 2 2 0
1.21 0.9234506 0.9234506 2 2 0
1.2083333 0.9243594 0.9243594 2 2 0
1.2066667 0.925276 0.925276 2 2 0
1.205 0.9259599 0.9259599 2 2 0
1.2033333 0.9269036 0.9269036 2 2 0
1.2016667 0.9277644 0.9277644 2 2 0
1.2 0.9283888 0.9283888 2 2 0
1.1983333 0.9293948 0.9293948 2 2 0
1.1966667 0.9301798 0.9301798 2 2 0
1.195 0.9308855 0.9308855 2 2 0
1.1933333 0.9318179 0.9318179 2 2 0
1.1916667 0.9325106 0.9325106 2 2 0
1.19 0.9333343 0.9333343 2 2 0
1.1883333 0.9341591 0.9341591 2 2 0
1.1866667 0.9347554 0.9347554 2 2 0
1.185 0.9356998 0.9356998 2 2 0
1.1833333 0.9363985 0.9363985 2 2 0
1.1816667 0.9371548 0.9371548 2 2 0
1.18 0.9379583 0.9379583 2 2 0
1.1783333 0.9385476 0.9385476 2 2 0
1.1766667 0.9394436 0.9394436 2 2 0
1.175 0.9400847 0.9400847 2 2 0
1.1733333 0.9408674 0.9408674 2 2 0
1.1716667 0.9415888 0.9415888 2 2 0
1.17 0.9422488 0.9422488 2 2 0
1.1683333 0.9430329 0.9430329 2 2 0
1.1666667 0.943599 0.943599 2 2 0
1.165 0.9444359 0.9444359 2 2 0
1.1633333 0.9450051 0.9450051 2 2 0
1.1616667 0.9458025 0.9458025 2 2 0
1.16 0.9464109 0.9464109 2 2 0
1.1583333 0.9471433 0.9471433 2 2 0
1.1566667 0.9477747 0.9477747 2 2 0
1.155 0.9484649 0.9484649 2 2 0
1.1533333 0.9491044 0.9491044 2 2 0
1.1516667 0.9497677 0.9497677 2 2 0
1.15 0.9504056 0.9504056 2 2 0
1.1483333 0.9510543 0.9510543 2 2 0
1.1466667 0.9516761 0.9516761 2 2 0
1.145 0.9523273 0.9523273 2 2 0
1.1433333 0.9529153 0.9529153 2 2 0
1.1416667 0.9535803 0.9535803 2 2 0
1.14 0.9541231 0.9541231 2 2 0
1.1383333 0.9548088 0.9548088 2 2 0
1.1366667 0.955296 0.955296 2 2 0
1.135 0.956007 0.956007 2 2 0
1.1333333 0.9565405 0.9565405 2 2 0
1.1316667 0.95717 0.95717 2 2 0
1.13 0.9577516 0.9577516 2 2 0
1.1283333 0.9582837 0.9582837 2 2 0
1.1266667 0.9589177 0.9589177 2 2 0
1.125 0.959419 0.959419 2 2 0
1.1233333 0.9600259 0.9600259 2 2 0
1.1216667 0.9605938 0.9605938 2 2 0
1.12 0.9610607 0.9610607 2 2 0
1.1183333 0.9616941 0.9616941 2 2 0
1.1166667 0.9622252 0.9622252 2 2 0
1.115 0.962701 0.962701 2 2 0
1.1133333 0.9633033 0.9633033 2 2 0
1.1116667 0.9638257 0.9638257 2 2 0
1.11 0.9642846 0.9642846 2 2 0
1.1083333 0.964855 0.964855 2 2 0
1.1066667 0.9653883 0.9653883 2 2 0
1.105 0.9658677 0.9658677 2 2 0
1.1033333 0.9663337 0.9663337 2 2 0
1.1016667 0.9668813 0.9668813 2 2 0
1.1 0.9673917 0.9673917 2 2 0
1.0983333 0.9678668 0.9678668 2 2 0
1.0966667 0.9683207 0.9683207 2 2 0
1.095 0.9687967 0.9687967 2 2 0
1.0933333 0.9693041 0.9693041 2 2 0
1.0916667 0.9697894 0.9697894 2 2 0
1.09 0.9702599 0.9702599 2 2 0
1.0883333 0.9707187 0.9707187 2 2 0
1.0866667 0.9711687 0.9711687 2 2 0
1.085 0.9716158 0.9716158 2 2 0
1.0833333 0.972056 0.972056 2 2 0
1.0816667 0.9725003 0.9725003 2 2 0
1.08 0.9729383 0.9729383 2 2 0
1.0783333 0.9733816 0.9733816 2 2 0
1.0766667 0.9738201 0.9738201 2 2 0
1.075 0.9742592 0.9742592 2 2 0
1.0733333 0.9746946 0.9746946 2 2 0
1.0716667 0.9751228 0.9751228 2 2 0
1.07 0.9755469 0.9755469 2 2 0
1.0683333 0.9759539 0.9759539 2 2 0
1.0666667 0.9763519 0.9763519 2 2 0
1.065 0.9767574 0.9767574 2 2 0
1.0633333 0.9771838 0.9771838 2 2 0
1.0616667 0.9775871 0.9775871 2 2 0
1.06 0.977953 0.977953 2 2 0
1.0583333 0.9783823 0.9783823 2 2 0
1.0566667 0.9787672 0.9787672 2 2 0
1.055 0.9791568 0.9791568 2 2 0
1.0533333 0.9795483 0.9795483 2 2 0
1.0516667 0.979931 0.979931 2 2 0
1.05 0.9803035 0.9803035 2 2 0
1.0483333 0.9806996 0.9806996 2 2 0
1.4983333 0.5 0.5 2 2 0
1.4983333 0.4645466 0.4645466 2 2 0
1.4966667 0.4497281 0.4497281 2 2 0
1.495 0.4391145 0.4391145 2 2 0
1.4933333 0.4307585 0.4307585 2 2 0
1.4916667 0.4239126 0.4239126 2 2 0
1.49 0.4147197 0.4147197 2 2 0
1.4883333 0.4061661 0.4061661 2 2 0
1.4866667 0.3987651 0.3987651 2 2 0
1.485 0.3922844 0.3922844 2 2 0
1.4833333 0.3865732 0.3865732 2 2 0
1.4816667 0.3815254 0.3815254 2 2 0
1.48 0.3770629 0.3770629 2 2 0
1.4783333 0.3731332 0.3731332 2 2 0
1.4766667 0.3676367 0.3676367 2 2 0
1.475 0.3620648 0.3620648 2 2 0
1.4733333 0.3570253 0.3570253 2 2 0
1.4716667 0.3524703 0.3524703 2 2 0
1.47 0.348357 0.348357 2 2 0
1.4683333 0.3446573 0.3446573 2 2 0
1.4666667 0.3413463 0.3413463 2 2 0
1.465 0.3384035 0.3384035 2 2 0
1.4633333 0.3337136 0.3337136 2 2 0
1.4616667 0.3293956 0.3293956 2 2 0
1.46 0.3254492 0.3254492 2 2 0
1.4583333 0.3218538 0.3218538 2 2 0
1.4566667 0.3185956 0.3185956 2 2 0
1.455 0.3156583 0.3156583 2 2 0
1.4533333 0.3130301 0.3130301 2 2 0
1.4516667 0.3098228 0.3098228 2 2 0
1.45 0.3059898 0.3059898 2 2 0
1.4483333 0.302471 0.302471 2 2 0
1.4466667 0.2992505 0.2992505 2 2 0
1.445 0.2963208 0.2963208 2 2 0
1.4433333 0.2936727 0.2936727 2 2 0
1.4416667 0.2912992 0.2912992 2 2 0
1.44 0.2888161 0.2888161 2 2 0
1.4383333 0.2853688 0.2853688 2 2 0
1.4366667 0.2821948 0.2821948 2 2 0
1.435 0.2792881 0.2792881 2 2 0
1.4333333 0.276642 0.276642 2 2 0
1.4316667 0.2742508 0.2742508 2 2 0
1.43 0.2721101 0.2721101 2 2 0
1.4283333 0.2698836 0.2698836 2 2 0
1.4266667 0.2667716 0.2667716 2 2 0
1.425 0.2639073 0.2639073 2 2 0
1.4233333 0.2612878 0.2612878 2 2 0
1.4216667 0.2589073 0.2589073 2 2 0
1.42 0.2567644 0.2567644 2 2 0
1.4183333 0.2548549 0.2548549 2 2 0
1.4166667 0.2525642 0.2525642 2 2 0
1.415 0.2497637 0.2497637 2 2 0
1.4133333 0.2471938 0.2471938 2 2 0
1.4116667 0.2448516 0.2448516 2 2 0
1.41 0.2427352 0.2427352 2 2 0
1.4083333 0.2408419 0.2408419 2 2 0
1.4066667 0.2391708 0.2391708 2 2 0
1.405 0.2365799 0.2365799 2 2 0
1.4033333 0.2340827 0.2340827 2 2 0
1.4016667 0.231804 0.231804 2 2 0
1.4 0.2297415 0.2297415 2 2 0
1.3983333 0.2278938 0.2278938 2 2 0
1.3966667 0.2262609 0.2262609 2 2 0
1.395 0.2241695 0.2241695 2 2 0
1.3933333 0.2217678 0.2217678 2 2 0
1.3916667 0.2195759 0.2195759 2 2 0
1.39 0.217593 0.217593 2 2 0
1.3883333 0.2158184 0.2158184 2 2 0
1.3866667 0.2142523 0.2142523 2 2 0
1.385 0.2124087 0.2124087 2 2 0
1.3833333 0.2101226 0.2101226 2 2 0
1.3816667 0.20804 0.20804 2 2 0
1.38 0.2061613 0.2061613 2 2 0
1.3783333 0.2044861 0.2044861 2 2 0
1.3766667 0.2030139 0.2030139 2 2 0
1.375 0.2012163 0.2012163 2 2 0
1.3733333 0.1990667 0.1990667 2 2 0
1.3716667 0.1971163 0.1971163 2 2 0
1.37 0.1953653 0.1953653 2 2 0
1.3683333 0.1938138 0.1938138 2 2 0
1.3666667 0.192463 0.192463 2 2 0
1.365 0.190546 0.190546 2 2 0
1.3633333 0.1885538 0.1885538 2 2 0
1.3616667 0.1867572 0.1867572 2 2 0
1.36 0.1851572 0.1851572 2 2 0
1.3583333 0.1837549 0.1837549 2 2 0
1.3566667 0.1823835 0.1823835 2 2 0
1.355 0.1803771 0.1803771 2 2 0
1.3533333 0.1785634 0.1785634 2 2 0
1.3516667 0.1769434 0.1769434 2 2 0
1.35 0.175519 0.175519 2 2 0
1.3483333 0.1742908 0.1742908 2 2 0
1.3466667 0.1725173 0.1725173 2 2 0
1.345 0.1707123 0.1707123 2 2 0
1.3433333 0.1690993 0.1690993 2 2 0
1.3416667 0.1676801 0.1676801 2 2 0
1.34 0.1664558 0.1664558 2 2 0
1.3383333 0.1649261 0.1649261 2 2 0
1.3366667 0.1631548 0.1631548 2 2 0
1.335 0.1615742 0.1615742 2 2 0
1.3333333 0.160186 0.160186 2 2 0
1.3316667 0.1589922 0.1589922 2 2 0
1.33 0.1575738 0.1575738 2 2 0
1.3283333 0.1558597 0.1558597 2 2 0
1.3266667 0.1543356 0.1543356 2 2 0
1.325 0.1530039 0.1530039 2 2 0
1.3233333 0.1518665 0.1518665 2 2 0
1.3216667 0.1504451 0.1504451 2 2 0
1.32 0.1488113 0.1488113 2 2 0
1.3183333 0.1473678 0.1473678 2 2 0
1.3166667 0.1461171 0.1461171 2 2 0
1.315 0.1450615 0.1450615 2 2 0
1.3133333 0.1435381 0.1435381 2 2 0
1.3116667 0.1420077 0.1420077 2 2 0
1.31 0.1406685 0.1406685 2 2 0
1.3083333 0.1395235 0.1395235 2 2 0
1.3066667 0.1384573 0.1384573 2 2 0
1.305 0.1368631 0.1368631 2 2 0
1.3033333 0.1354591 0.1354591 2 2 0
1.3016667 0.1342486 0.1342486 2 2 0
1.3 0.1332343 0.1332343 2 2 0
1.2983333 0.1318875 0.1318875 2 2 0
1.2966667 0.1304411 0.1304411 2 2 0
1.295 0.129188 0.129188 2 2 0
1.2933333 0.128131 0.128131 2 2 0
1.2916667 0.127046 0.127046 2 2 0
1.29 0.1255787 0.1255787 2 2 0
1.2883333 0.1243047 0.1243047 2 2 0
1.2866667 0.1232274 0.1232274 2 2 0
1.285 0.1223137 0.1223137 2 2 0
1.2833333 0.1208467 0.1208467 2 2 0
1.2816667 0.1195731 0.1195731 2 2 0
1.28 0.1184972 0.1184972 2 2 0
1.2783333 0.1176223 0.1176223 2 2 0
1.2766667 0.1162288 0.1162288 2 2 0
1.275 0.1149771 0.1149771 2 2 0
1.2733333 0.1139242 0.1139242 2 2 0
1.2716667 0.113074 0.113074 2 2 0
1.27 0.1117175 0.1117175 2 2 0
1.2683333 0.1105077 0.1105077 2 2 0
1.2666667 0.1094992 0.1094992 2 2 0
1.265 0.1086589 0.1086589 2 2 0
1.2633333 0.1073129 0.1073129 2 2 0
1.2616667 0.1061665 0.1061665 2 2 0
1.26 0.1052238 0.1052238 2 2 0
1.2583333 0.1042877 0.1042877 2 2 0
1.2566667 0.103023 0.103023 2 2 0
1.255 0.1019607 0.1019607 2 2 0
1.2533333 0.1011056 0.1011056 2 2 0
1.2516667 0.1000242 0.1000242 2 2 0
1.25 0.0988607 0.0988607 2 2 0
1.2483333 0.0979047 0.0979047 2 2 0
1.2466667 0.0971334 0.0971334 2 2 0
1.245 0.0958877 0.0958877 2 2 0
1.2433333 0.0948484 0.0948484 2 2 0
1.2416667 0.0940215 0.0940215 2 2 0
1.24 0.0930111 0.0930111 2 2 0
1.2383333 0.0919065 0.0919065 2 2 0
1.2366667 0.0910148 0.0910148 2 2 0
1.235 0.0902057 0.0902057 2 2 0
1.2333333 0.089054 0.089054 2 2 0
1.2316667 0.0881147 0.0881147 2 2 0
1.23 0.0873935 0.0873935 2 2 0
1.2283333 0.0862711 0.0862711 2 2 0
1.2266667 0.0853022 0.0853022 2 2 0
1.225 0.0845534 0.0845534 2 2 0
1.2233333 0.0835451 0.0835451 2 2 0
1.2216667 0.0825637 0.0825637 2 2 0
1.22 0.0818049 0.0818049 2 2 0
1.2183333 0.0808677 0.0808677 2 2 0
1.2166667 0.0798908 0.0798908 2 2 0
1.215 0.0791386 0.0791386 2 2 0
1.2133333 0.0782327 0.0782327 2 2 0
1.2116667 0.077277 0.077277 2 2 0
1.21 0.0765494 0.0765494 2 2 0
1.2083333 0.0756406 0.0756406 2 2 0
1.2066667 0.074724 0.074724 2 2 0
1.205 0.0740401 0.0740401 2 2 0
1.2033333 0.0730964 0.0730964 2 2 0
1.2016667 0.0722356 0.0722356 2 2 0
1.2 0.0716112 0.0716112 2 2 0
1.1983333 0.0706052 0.0706052 2 2 0
1.1966667 0.0698202 0.0698202 2 2 0
1.195 0.0691145 0.0691145 2 2 0
1.1933333 0.0681821 0.0681821 2 2 0
1.1916667 0.0674894 0.0674894 2 2 0
1.19 0.0666657 0.0666657 2 2 0
1.1883333 0.0658409 0.0658409 2 2 0
1.1866667 0.0652446 0.0652446 2 2 0
1.185 0.0643002 0.0643002 2 2 0
1.1833333 0.0636015 0.0636015 2 2 0
1.1816667 0.0628452 0.0628452 2 2 0
1.18 0.0620417 0.0620417 2 2 0
1.1783333 0.0614524 0.0614524 2 2 0
1.1766667 0.0605564 0.0605564 2 2 0
1.175 0.0599153 0.0599153 2 2 0
1.1733333 0.0591326 0.0591326 2 2 0
1.1716667 0.0584112 0.0584112 2 2 0
1.17 0.0577512 0.0577512 2 2 0
1.1683333 0.0569671 0.0569671 2 2 0
1.1666667 0.056401 0.056401 2 2 0
1.165 0.0555641 0.0555641 2 2 0
1.1633333 0.0549949 0.0549949 2 2 0
1.1616667 0.0541975 0.0541975 2 2 0
1.16 0.0535891 0.0535891 2 2 0
1.1583333 0.0528567 0.0528567 2 2 0
1.1566667 0.0522253 0.0522253 2 2 0
1.155 0.0515351 0.0515351 2 2 0
1.1533333 0.0508956 0.0508956 2 2 0
1.1516667 0.0502323 0.0502323 2 2 0
1.15 0.0495944 0.0495944 2 2 0
1.1483333 0.0489457 0.0489457 2 2 0
1.1466667 0.0483239 0.0483239 2 2 0
1.145 0.0476727 0.0476727 2 2 0
1.1433333 0.0470847 0.0470847 2 2 0
1.1416667 0.0464197 0.0464197 2 2 0
1.14 0.0458769 0.0458769 2 2 0
1.1383333 0.0451912 0.0451912 2 2 0
1.1366667 0.044704 0.044704 2 2 0
1.135 0.043993 0.043993 2 2 0
1.1333333 0.0434595 0.0434595 2 2 0
1.1316667 0.04283 0.04283 2 2 0
1.13 0.0422484 0.0422484 2 2 0
1.1283333 0.0417163 0.0417163 2 2 0
1.1266667 0.0410823 0.0410823 2 2 0
1.125 0.040581 0.040581 2 2 0
1.1233333 0.0399741 0.0399741 2 2 0
1.1216667 0.0394062 0.0394062 2 2 0
1.12 0.0389393 0.0389393 2 2 0
1.1183333 0.0383059 0.0383059 2 2 0
1.1166667 0.0377748 0.0377748 2 2 0
1.115 0.037299 0.037299 2 2 0
1.1133333 0.0366967 0.0366967 2 2 0
1.1116667 0.0361743 0.0361743 2 2 0
1.11 0.0357154 0.0357154 2 2 0
1.1083333 0.035145 0.035145 2 2 0
1.1066667 0.0346117 0.0346117 2 2 0
1.105 0.0341323 0.0341323 2 2 0
1.1033333 0.0336663 0.0336663 2 2 0
1.1016667 0.0331187 0.0331187 2 2 0
1.1 0.0326083 0.0326083 2 2 0
1.0983333 0.0321332 0.0321332 2 2 0
1.0966667 0.0316793 0.0316793 2 2 0
1.095 0.0312033 0.0312033 2 2 0
1.0933333 0.0306959 0.0306959 2 2 0
1.0916667 0.0302106 0.0302106 2 2 0
1.09 0.0297401 0.0297401 2 2 0
1.0883333 0.0292813 0.0292813 2 2 0
1.0866667 0.0288313 0.0288313 2 2 0
1.085 0.0283842 0.0283842 2 2 0
1.0833333 0.027944 0.027944 2 2 0
1.0816667 0.0274997 0.0274997 2 2 0
1.08 0.0270617 0.0270617 2 2 0
1.0783333 0.0266184 0.0266184 2 2 0
1.0766667 0.0261799 0.0261799 2 2 0
1.075 0.0257408 0.0257408 2 2 0
1.0733333 0.0253054 0.0253054 2 2 0
1.0716667 0.0248772 0.0248772 2 2 0
1.07 0.0244531 0.0244531 2 2 0
1.0683333 0.0240461 0.0240461 2 2 0
1.0666667 0.0236481 0.0236481 2 2 0
1.065 0.0232426 0.0232426 2 2 0
1.0633333 0.0228162 0.0228162 2 2 0
1.0616667 0.0224129 0.0224129 2 2 0
1.06 0.022047 0.022047 2 2 0
1.0583333 0.0216177 0.0216177 2 2 0
1.0566667 0.0212328 0.0212328 2 2 0
1.055 0.0208432 0.0208432 2 2 0
1.0533333 0.0204517 0.0204517 2 2 0
1.0516667 0.020069 0.020069 2 2 0
1.05 0.0196965 0.0196965 2 2 0
1.0483333 0.0193004 0.0193004 2 2 0
